0.195623
0.225482
0.371497
0.355335
0.330462
0.207071
0.245065
0.2113
0.24471
0.258917
0.278626
0.246498
0.331436
0.271745
0.212249
0.251659
0.319606
0.273318
0.340499
0.341244
0.260686
0.312901
0.274308
0.352434
0.411412
0.424454
0.456002
0.322538
0.335539
0.338505
0.24442
0.283314
0.302723
0.311121
0.389572
0.390717
0.359171
0.182564
0.215999
0.176986
0.184203
0.198409
0.192762
0.168856
0.175853
0.199496
0.205539
0.198411
0.178226
0.192651
0.196137
0.21475
0.271422
0.222538
0.24644
0.188591
0.185978
0.182137
0.218727
0.191779
0.205253
0.288473
0.240651
0.20222
0.217546
0.237047
0.222376
0.217706
0.25015
0.199719
0.296734
0.328799
0.20227
0.217976
0.248207
0.245915
0.283304
0.264789
0.334372
0.310281
0.345324
0.453768
0.425595
0.422422
0.381933
0.344809
0.38236
0.292331
0.270489
0.292584
0.394477
0.43318
0.427501
0.443067
0.358429
0.404966
0.310107
0.303918
0.296197
0.310909
0.306046
0.282036
0.292682
0.366541
0.378606
0.366597
0.37183
0.35663
0.28817
0.269881
0.279559
0.324745
0.313575
0.321213
0.320993
0.271583
0.272097
0.273255
0.262965
0.280256
0.26362
0.280876
0.29621
0.599804
0.744436
0.787913
0.748743
0.803236
0.706177
0.677999
0.665014
0.653484
0.605755
0.68667
0.749646
0.75905
0.750681
0.748205
0.740169
0.67583
0.395557
0.434015
0.396171
0.381171
0.37935
0.337659
0.458541
0.446946
0.40579
0.575147
0.475844
0.489074
0.555323
0.529661
0.401049
0.507016
0.680736
0.594716
0.580089
0.712943
0.692908
0.651854
0.492518
0.449037
0.443416
0.525649
0.601687
0.584615
0.695598
0.345967
0.32406
0.337669
0.30312
0.278999
0.32451
0.298841
0.390805
0.368888
0.373837
0.392489
0.407471
0.537818
0.458602
0.646783
0.405448
0.451735
0.530887
0.648024
0.701356
0.501321
0.589027
0.527429
0.601506
0.569291
0.648059
0.664793
0.63642
0.465028
0.473421
0.51735
0.560767
0.512568
0.461519
0.496448
0.490119
0.615916
0.682781
0.579938
0.719558
0.637339
0.474408
0.748073
0.786834
0.811244
0.789326
0.373443
0.440901
0.35315
0.444623
0.166092
0.232954
0.297263
0.27332
0.432773
0.147222
0.178012
0.224973
0.726645
0.725733
0.794926
0.419376
0.41572
0.477488
0.451686
0.50011
0.388623
0.373107
0.405444
0.445649
0.485443
0.505668
0.536985
0.272663
0.274643
0.28688
0.469656
0.347856
0.522331
0.518148
0.362835
0.304599
0.321617
0.318122
0.545249
0.406353
0.312386
0.586462
0.443774
0.703104
0.680895
0.658583
0.730951
0.737633
0.728691
0.739413
0.726213
0.713123
0.747301
0.696838
0.701823
0.67884
0.676344
0.637448
0.667413
0.661526
0.639577
0.629721
0.677212
0.627714
0.645574
0.648531
0.632125
0.582579
0.612983
0.664662
0.656354
0.629735
0.659874
0.723653
0.700492
0.7013
0.579907
0.590601
0.588497
0.583377
0.623826
0.561317
0.564888
0.558535
0.557486
0.534759
0.541016
0.718689
0.704714
0.607401
0.62883
0.6156
0.616739
0.627598
0.636646
0.618003
0.600647
0.584532
0.582132
0.611095
0.607451
0.616874
0.600778
0.564418
0.555852
0.562261
0.550924
0.544233
0.53741
0.538963
0.35995
0.301856
0.29711
0.285427
0.268261
0.28799
0.276825
0.265006
0.258676
0.264845
0.298111
0.275173
0.258953
0.251576
0.268214
0.293973
0.313501
0.790848
0.701512
0.702802
0.774208
0.770805
0.721394
0.693839
0.776155
0.787379
0.385267
0.543539
0.561369
0.38006
0.673749
0.751733
0.574835
0.784177
0.738071
0.716023
0.66087
0.695616
0.599217
0.629933
0.677461
0.632151
0.36816
0.336669
0.425423
0.3424
0.314063
0.395396
0.460354
0.409132
0.557734
0.589147
0.624025
0.620425
0.589607
0.604287
0.447738
0.608453
0.603473
0.589142
0.578213
0.652058
0.682799
0.661389
0.672929
0.623372
0.645189
0.626608
0.597745
0.60919
0.590187
0.575231
0.592275
0.639179
0.632962
0.650588
0.68086
0.592169
0.600306
0.601079
0.57726
0.560374
0.554663
0.5576
0.552063
0.565327
0.555299
0.534594
0.509662
0.539568
0.540886
0.530328
0.532353
0.556898
0.588805
0.593936
0.580271
0.548779
0.554776
0.544202
0.551262
0.3042
0.416214
0.500989
0.38089
0.463387
0.294544
0.342638
0.453786
0.401161
0.331817
0.421814
0.589477
0.596372
0.561923
0.553347
0.527397
0.604879
0.579735
0.552851
0.589204
0.575093
0.546014
0.510221
0.534102
0.517766
0.488795
0.485323
0.480628
0.478699
0.527164
0.520476
0.544203
0.535716
0.54158
0.525209
0.549536
0.551531
0.549852
0.549795
0.556467
0.526388
0.486753
0.499054
0.530769
0.517379
0.528221
0.527302
0.481366
0.707696
0.70375
0.685623
0.697351
0.731521
0.691049
0.676799
0.616367
0.658299
0.688131
0.654714
0.680823
0.668669
0.656916
0.657895
0.665982
0.636482
0.643925
0.657069
0.64526
0.674305
0.643484
0.636661
0.661287
0.661708
0.649574
0.663296
0.609873
0.606057
0.611324
0.588516
0.641998
0.631794
0.611029
0.61279
0.58856
0.605351
0.607902
0.58829
0.583697
0.583784
0.537339
0.593512
0.578528
0.553116
0.584193
0.566396
0.558798
0.568723
0.535705
0.545436
0.537844
0.625814
0.595755
0.597735
0.586296
0.633071
0.612496
0.61669
0.599301
0.591086
0.571977
0.575437
0.571446
0.551241
0.553886
0.565925
0.551727
0.539385
0.532599
0.538722
0.525748
0.494338
0.496728
0.529818
0.620939
0.614259
0.616134
0.589377
0.588814
0.591005
0.579227
0.620781
0.607236
0.614807
0.606282
0.614889
0.607106
0.612261
0.60143
0.593749
0.570038
0.604358
0.589752
0.574182
0.574511
0.56696
0.570542
0.536534
0.547705
0.54333
0.538397
0.518742
0.560178
0.55977
0.560095
0.539311
0.5582
0.514518
0.541489
0.509591
0.501983
0.506911
0.60867
0.607483
0.570179
0.554102
0.594877
0.584007
0.604537
0.592954
0.599147
0.581033
0.578713
0.565055
0.541403
0.546569
0.565366
0.562951
0.544316
0.529014
0.537947
0.531056
0.529342
0.535315
0.541343
0.525046
0.51922
0.504825
0.518808
0.516138
0.491795
0.748175
0.650514
0.640154
0.655068
0.639387
0.622556
0.617642
0.618752
0.90577
0.910035
0.74784
0.835575
0.881126
0.590981
0.593243
0.59375
0.599174
0.577836
0.581165
0.51811
0.53239
0.60016
0.599524
0.597799
0.569812
0.604509
0.617453
0.617205
0.599936
0.615322
0.597236
0.584658
0.576742
0.574866
0.57517
0.5598
0.539489
0.525791
0.53187
0.507215
0.498074
0.534086
0.499139
0.467094
0.484321
0.465721
0.495814
0.553132
0.549674
0.528315
0.551729
0.509033
0.491076
0.498132
0.51789
0.531692
0.540978
0.53954
0.672126
0.646576
0.580333
0.631959
0.851861
0.815381
0.811086
0.720469
0.711649
0.871189
0.888391
0.897694
0.833753
0.885806
0.881879
0.839261
0.754515
0.811503
0.823576
0.797837
0.566628
0.559401
0.56899
0.595495
0.600004
0.624291
0.60688
0.675193
0.674722
0.725025
0.745168
0.745687
0.772638
0.750923
0.745026
0.724145
0.631589
0.617822
0.61749
0.629381
0.614674
0.68967
0.696899
0.695622
0.694294
0.686219
0.681414
0.659966
0.512419
0.528342
0.524584
0.56315
0.556133
0.513048
0.499463
0.549333
0.483574
0.479238
0.485938
0.480255
0.486178
0.484787
0.493558
0.57427
0.508145
0.488203
0.48701
0.491682
0.487208
0.494178
0.512722
0.520656
0.480315
0.47
0.489901
0.496033
0.474008
0.517616
0.428151
0.440685
0.490475
0.507494
0.589969
0.576163
0.508705
0.509401
0.684217
0.598669
0.673776
0.676913
0.69295
0.566344
0.620106
0.585833
0.642192
0.649089
0.614915
0.582228
0.627007
0.60102
0.623033
0.6033
0.579965
0.654015
0.556704
0.537605
0.560256
0.527927
0.54027
0.515632
0.533062
0.523299
0.560044
0.564085
0.51977
0.54674
0.569837
0.828168
0.794605
0.756465
0.875365
0.727711
0.597897
0.624112
0.583335
0.609272
0.630356
0.575194
0.64287
0.673096
0.877219
0.904219
0.883012
0.780526
0.883461
0.822342
0.601043
0.611171
0.627879
0.598404
0.582133
0.575557
0.569618
0.54261
0.574794
0.585548
0.504902
0.540959
0.544013
0.529734
0.520884
0.484937
0.5078
0.512565
0.497108
0.624852
0.483936
0.562617
0.551087
0.464382
0.563421
0.554811
0.447066
0.555949
0.531341
0.531351
0.446448
0.495379
0.494338
0.483456
0.455081
0.447234
0.467949
0.477968
0.48192
0.55042
0.51919
0.473343
0.482659
0.473904
0.458075
0.460359
0.45625
0.450152
0.545858
0.55865
0.595457
0.57174
0.569271
0.535928
0.53994
0.581076
0.563694
0.609797
0.47656
0.486788
0.517932
0.523945
0.429876
0.467756
0.472032
0.450638
0.427598
0.396802
0.485994
0.422612
0.400009
0.59246
0.604842
0.627979
0.635619
0.597963
0.575309
0.579953
0.568884
0.583928
0.570047
0.553512
0.570124
0.551473
0.523592
0.548789
0.571136
0.591206
0.52197
0.543512
0.535575
0.526779
0.515881
0.50324
0.512976
0.539719
0.532674
0.511721
0.499567
0.496121
0.524022
0.496729
0.467259
0.502329
0.503701
0.483087
0.453174
0.434145
0.458687
0.4212
0.397459
0.49362
0.485164
0.469581
0.649892
0.66619
0.62225
0.603887
0.717889
0.705643
0.656601
0.781898
0.874862
0.842713
0.831784
0.563525
0.670495
0.763825
0.70588
0.871373
0.82312
0.807954
0.773958
0.79615
0.747946
0.763849
0.785252
0.752656
0.727936
0.76785
0.744841
0.722512
0.529614
0.557773
0.678263
0.49919
0.480997
0.540476
0.725312
0.733201
0.727597
0.737252
0.709481
0.711534
0.718451
0.691062
0.663581
0.707396
0.710384
0.742439
0.354065
0.346199
0.385719
0.390374
0.378366
0.425355
0.399455
0.427272
0.277376
0.283603
0.265164
0.253746
0.267611
0.248217
0.229324
0.254792
0.247879
0.282847
0.258491
0.235371
0.225149
0.222677
0.248742
0.258722
0.241943
0.237148
0.247257
0.243975
0.228303
0.23294
0.251378
0.24859
0.248479
0.26424
0.270817
0.292637
0.341263
0.371316
0.357416
0.45227
0.402084
0.383927
0.489024
0.437775
0.528995
0.542304
0.385284
0.415892
0.457454
0.544183
0.620528
0.489401
0.419595
0.588468
0.563894
0.639525
0.678326
0.647907
0.686426
0.703257
0.432562
0.448442
0.505594
0.571262
0.663299
0.700055
0.627204
0.499704
0.525118
0.549038
0.631962
0.571416
0.244447
0.272818
0.237792
0.242648
0.253869
0.217557
0.393136
0.341095
0.220317
0.183022
0.232094
0.196333
0.497246
0.577849
0.614179
0.7278
0.724099
0.714248
0.720196
0.68118
0.643689
0.770505
0.788609
0.720223
0.72573
0.76377
0.753326
0.826231
0.780852
0.837023
0.604155
0.542587
0.629712
0.527293
0.260909
0.604534
0.620531
0.721444
0.710267
0.718138
0.20936
0.32349
0.578565
0.335961
0.452324
0.76676
0.809206
0.678557
0.834769
0.732545
0.854564
0.718329
0.677873
0.427157
0.824691
0.842631
0.843153
0.306476
0.732643
0.722013
0.698008
0.640955
0.788827
0.811278
0.74942
0.852349
0.709798
0.610475
0.857809
0.849476
0.829596
0.868332
0.847759
0.674406
0.610242
0.614684
0.806247
0.797845
0.687653
0.669778
0.767893
0.843562
0.881585
0.614308
0.694911
0.869023
0.639236
0.888842
0.839636
0.563852
0.543954
0.541371
0.535532
0.498168
0.486903
0.652556
0.713479
0.837829
0.892034
0.832007
0.630779
0.830823
0.849899
0.480859
0.497307
0.549705
0.519575
0.554453
0.641183
0.795835
0.515436
0.517512
0.517002
0.506908
0.521165
0.54803
0.257983
0.250938
0.240743
0.27498
0.237745
0.229187
0.239755
0.303705
0.226777
0.235201
0.221351
0.22262
0.206545
0.250664
0.232871
0.214786
0.227227
0.233357
0.263146
0.285066
0.297222
0.313263
0.281302
0.253739
0.253586
0.229332
0.239751
0.249415
0.395945
0.603225
0.582183
0.63017
0.630572
0.407298
0.403149
0.569015
0.53539
0.539112
0.497932
0.536472
0.53795
0.49394
0.490297
0.481478
0.498852
0.478624
0.479601
0.584537
0.588964
0.552219
0.634855
0.673515
0.494078
0.498856
0.518955
0.620031
0.548341
0.526713
0.565295
0.580815
0.810054
0.651065
0.815602
0.590363
0.635457
0.65383
0.65141
0.511438
0.502456
0.534979
0.519792
0.532145
0.541108
0.552272
0.486282
0.531977
0.519011
0.504464
0.530681
0.399588
0.487371
0.432435
0.548722
0.55451
0.587001
0.611535
0.564269
0.602076
0.614248
0.537313
0.533671
0.536631
0.581526
0.64693
0.697667
0.623427
0.67972
0.749806
0.75546
0.551752
0.736599
0.777381
0.659769
0.52258
0.521276
0.549307
0.491041
0.549755
0.583094
0.606874
0.586673
0.742916
0.649429
0.585761
0.516128
0.630201
0.667266
0.52342
0.520025
0.530196
0.538374
0.521801
0.541231
0.560657
0.537718
0.615157
0.592443
0.743509
0.782598
0.737356
0.567336
0.587977
0.537722
0.573879
0.642747
0.49535
0.76853
0.770658
0.782348
0.762063
0.779981
0.513342
0.560091
0.697883
0.743019
0.787989
0.797213
0.509129
0.66619
0.758953
0.576532
0.805101
0.616911
0.781153
0.495201
0.470697
0.466543
0.458306
0.456826
0.482739
0.496616
0.524475
0.522841
0.536596
0.533711
0.545724
0.513481
0.487783
0.591876
0.656416
0.756307
0.772451
0.676772
0.798011
0.798453
0.797874
0.565343
0.721355
0.526323
0.792487
0.707982
0.490854
0.485944
0.500477
0.511364
0.53311
0.518927
0.539996
0.539624
0.552655
0.600902
0.720626
0.491324
0.45768
0.472473
0.487037
0.509568
0.508717
0.49287
0.47247
0.484919
0.458023
0.523507
0.634104
0.770252
0.648925
0.632169
0.77194
0.789231
0.716202
0.60244
0.499784
0.448047
0.499012
0.432927
0.788578
0.754502
0.793003
0.738382
0.635393
0.455882
0.596194
0.613103
0.69962
0.489545
0.627332
0.607132
0.670953
0.631883
0.700561
0.728323
0.727658
0.531663
0.48498
0.505849
0.423156
0.44098
0.65817
0.546859
0.502662
0.503466
0.426492
0.480721
0.471543
0.669368
0.46673
0.722982
0.715417
0.734735
0.661192
0.537644
0.51808
0.63871
0.687638
0.541069
0.715674
0.738657
0.443998
0.440051
0.456866
0.467009
0.460248
0.447955
0.665073
0.669935
0.626443
0.647939
0.730549
0.693702
0.71598
0.448424
0.46322
0.444378
0.490076
0.473426
0.51375
0.61416
0.609166
0.474244
0.470023
0.750393
0.779945
0.792626
0.790438
0.674411
0.507443
0.754012
0.774516
0.512904
0.645036
0.757843
0.800275
0.510965
0.795778
0.874754
0.709197
0.85647
0.848648
0.936377
0.910318
0.549423
0.618031
0.71702
0.656249
0.541518
0.73398
0.481999
0.615734
0.863926
0.690897
0.830761
0.958497
0.945877
0.9719
0.994154
0.80445
0.983662
0.782974
0.846133
0.841248
0.769166
0.734991
0.733918
0.868729
0.901871
0.889128
0.963103
0.419149
0.382352
0.413128
0.385543
0.370159
0.45326
0.429595
0.478258
0.511756
0.529548
0.582588
0.506423
0.648303
0.441631
0.448141
0.571086
0.529666
0.584327
0.622189
0.630532
0.409594
0.467713
0.39957
0.418299
0.384494
0.372007
0.422851
0.478864
0.460317
0.523967
0.582432
0.564258
0.679006
0.619386
0.541786
0.702995
0.727499
0.749449
0.535972
0.436401
0.441351
0.552031
0.509392
0.72162
0.39008
0.377674
0.424533
0.655495
0.661263
0.414602
0.385938
0.481967
0.454199
0.484459
0.51435
0.453597
0.483051
0.504859
0.489548
0.646386
0.593493
0.608045
0.701429
0.45839
0.744983
0.579515
0.86839
0.802101
0.426023
0.696632
0.499919
0.436134
0.753791
0.859929
0.824098
0.440957
0.491119
0.765098
0.710158
0.515338
0.569268
0.482972
0.50643
0.488397
0.486914
0.479138
0.478578
0.464179
0.478906
0.514201
0.496028
0.576357
0.687419
0.590789
0.500555
0.510158
0.557881
0.704235
0.714092
0.781106
0.795843
0.535579
0.529633
0.589205
0.472096
0.681566
0.566538
0.50979
0.667416
0.587483
0.441559
0.766134
0.555234
0.651787
0.472068
0.726053
0.806801
0.82541
0.808563
0.48245
0.457684
0.4539
0.429687
0.503888
0.485408
0.511676
0.560875
0.5291
0.544652
0.660616
0.614475
0.415989
0.390499
0.402575
0.40045
0.349589
0.379974
0.352891
0.378592
0.319774
0.3517
0.536566
0.37044
0.607126
0.337941
0.301279
0.784392
0.465839
0.47971
0.417691
0.567967
0.557945
0.654119
0.682435
0.729715
0.760174
0.756824
0.617144
0.682814
0.72174
0.719054
0.762104
0.731085
0.719359
0.713871
0.684714
0.681377
0.543945
0.448037
0.425216
0.480458
0.429642
0.444308
0.415777
0.397651
0.430142
0.568123
0.395751
0.384744
0.368549
0.339619
0.699776
0.416159
0.614979
0.683375
0.712588
0.369791
0.865103
0.493034
0.34568
0.846598
0.894942
0.929337
0.917728
0.555412
0.708289
0.731682
0.593782
0.905312
0.733672
0.979196
0.984573
0.553594
0.628811
0.755605
0.998421
0.984719
0.98285
0.996321
0.973387
0.895577
0.919142
0.656228
0.670023
0.62197
0.36589
0.736468
0.682173
0.73331
0.324774
0.425229
0.50746
0.500893
0.731833
0.887813
0.940467
0.535272
0.91413
0.980327
0.845633
0.865554
0.949317
0.956343
0.797095
0.883337
0.975303
1
0.989718
0.928311
0.995111
0.946754
0.957217
0.973375
0.947532
0.942271
0.907397
0.805299
0.883902
0.931923
0.904688
0.947209
0.944244
0.962486
0.739945
0.779046
0.788921
0.639797
0.64177
0.712123
0.649348
0.647215
0.966865
0.983417
0.993219
0.986779
0.941691
0.910684
0.815724
0.867842
0.792078
0.971866
0.919364
0.868259
0.823607
0.78099
0.712818
0.793138
0.989229
0.968515
0.976703
0.956847
0.973092
0.538
0.466187
0.535534
0.6169
0.607517
0.498171
0.850812
0.590491
0.61473
0.73361
0.795365
0.754655
0.76285
0.712632
0.660944
0.70289
0.64534
0.666496
0.714226
0.848879
0.87169
0.767108
0.735451
0.683845
0.699519
0.723516
0.382258
0.396935
0.680672
0.633474
0.650446
0.687469
0.699948
0.65549
0.655385
0.65652
0.636848
0.63522
0.664673
0.684037
0.801728
0.760908
0.637208
0.70413
0.715505
0.652195
0.649751
0.685521
0.705411
0.631879
0.685303
0.618306
0.640193
0.665116
0.660812
0.646648
0.66798
0.643669
0.619908
0.597918
0.57403
0.571817
0.605245
0.616425
0.574696
0.599963
0.547309
0.510159
0.741584
0.71327
0.7111
0.705869
0.691263
0.690284
0.680934
0.636987
0.675895
0.655793
0.656005
0.633342
0.644327
0.630466
0.627004
0.596587
0.576909
0.607094
0.685868
0.673993
0.689221
0.682584
0.632309
0.584244
0.588231
0.636298
0.661002
0.664445
0.58889
0.564828
0.549261
0.564409
0.56548
0.558564
0.55339
0.540943
0.53887
0.521289
0.648523
0.632055
0.61573
0.61498
0.618543
0.609657
0.590788
0.60414
0.603281
0.59589
0.567884
0.581266
0.627025
0.628263
0.625222
0.622766
0.628582
0.617019
0.608654
0.59894
0.587243
0.588505
0.566015
0.552688
0.558429
0.565139
0.545442
0.510047
0.487561
0.44403
0.498647
0.526948
0.550115
0.565689
0.571309
0.572749
0.567323
0.561365
0.583588
0.572345
0.565646
0.627512
0.627799
0.620232
0.608281
0.620174
0.622936
0.612581
0.61002
0.616865
0.577196
0.59512
0.616388
0.61987
0.597228
0.586202
0.620423
0.619195
0.611933
0.616103
0.621448
0.610264
0.615334
0.622614
0.597191
0.597448
0.592942
0.608179
0.566683
0.566783
0.574169
0.572071
0.574714
0.513829
0.548048
0.546673
0.551288
0.574812
0.569689
0.576302
0.574481
0.57744
0.580257
0.575795
0.572301
0.553766
0.837957
0.788946
0.669709
0.732416
0.809477
0.804507
0.781742
0.708585
0.777484
0.79512
0.781437
0.853724
0.819687
0.733929
0.738946
0.765421
0.662892
0.751004
0.632809
0.618105
0.649219
0.63051
0.668749
0.65748
0.607163
0.589403
0.603455
0.608562
0.465228
0.480868
0.461944
0.430703
0.742988
0.741777
0.668175
0.563895
0.609955
0.714943
0.793476
0.602548
0.624128
0.595949
0.603346
0.59061
0.54319
0.472217
0.446535
0.488285
0.47163
0.417559
0.434424
0.57489
0.517405
0.589633
0.479236
0.567704
0.568064
0.571554
0.576704
0.558884
0.557415
0.56344
0.567229
0.444823
0.460611
0.447584
0.428659
0.450946
0.325506
0.393421
0.416477
0.377461
0.351169
0.586457
0.396785
0.413989
0.401308
0.385165
0.614286
0.604703
0.433521
0.507013
0.584507
0.563263
0.395286
0.568997
0.582985
0.39943
0.345262
0.366454
0.347073
0.364173
0.348026
0.617765
0.575208
0.627921
0.66184
0.706885
0.704343
0.666295
0.692195
0.621617
0.685027
0.795084
0.79863
0.801768
0.803476
0.775445
0.777491
0.720585
0.751287
0.577648
0.577662
0.604631
0.552923
0.560672
0.614106
0.582881
0.617453
0.635137
0.696722
0.698083
0.686511
0.71219
0.784229
0.684167
0.589948
0.720653
0.703137
0.496068
0.505769
0.465482
0.536263
0.503012
0.496776
0.627523
0.582841
0.698744
0.601214
0.696585
0.559042
0.481765
0.739976
0.855975
0.860381
0.847542
0.667868
0.535469
0.544481
0.77805
0.825884
0.817046
0.834152
0.78425
0.820149
0.704777
0.590049
0.533965
0.635489
0.568461
0.60755
0.754154
0.670178
0.410138
0.464683
0.412935
0.403265
0.37917
0.373752
0.392191
0.444706
0.402833
0.350809
0.34121
0.379649
0.372807
0.384481
0.408596
0.430434
0.350862
0.387595
0.572694
0.633918
0.668861
0.432685
0.498608
0.474278
0.472672
0.450478
0.469164
0.487014
0.489306
0.469964
0.480904
0.516383
0.611083
0.478468
0.446678
0.476113
0.4827
0.502571
0.482067
0.486846
0.535498
0.804926
0.77834
0.809319
0.816723
0.784119
0.762151
0.727267
0.762968
0.738132
0.703753
0.709505
0.732404
0.707938
0.701406
0.692669
0.705478
0.663207
0.69376
0.707848
0.64766
0.7006
0.675182
0.656673
0.650061
0.643449
0.714628
0.684246
0.66546
0.676562
0.717078
0.727822
0.680657
0.710599
0.657795
0.66617
0.631319
0.667404
0.631533
0.637087
0.644821
0.647298
0.634539
0.641221
0.631997
0.616776
0.630838
0.640086
0.619455
0.615877
0.603567
0.611928
0.629827
0.624029
0.635397
0.620236
0.621134
0.602252
0.625055
0.616139
0.642795
0.641663
0.607719
0.619167
0.629287
0.617085
0.644019
0.636525
0.649601
0.581315
0.588931
0.592068
0.58654
0.601723
0.60064
0.612753
0.643944
0.592571
0.67827
0.706181
0.681214
0.679913
0.652867
0.68192
0.751336
0.731357
0.881699
0.91369
0.928568
0.888824
0.895391
0.732915
0.753481
0.801268
0.856767
0.856204
0.822712
0.65844
0.68375
0.639751
0.675251
0.552807
0.610363
0.573308
0.896321
0.857086
0.848534
0.847777
0.723274
0.800001
0.766343
0.892243
0.851651
0.825162
0.78146
0.648161
0.708932
0.67635
0.623641
0.658025
0.638196
0.487985
0.614794
0.659671
0.631425
0.772552
0.789666
0.673713
0.580912
0.58492
0.714295
0.675312
0.53831
0.735223
0.788553
0.756496
0.719227
0.616732
0.592251
0.728649
0.770126
0.764953
0.779729
0.781786
0.777249
0.633023
0.736064
0.770939
0.522776
0.513698
0.513251
0.408824
0.533365
0.613701
0.589406
0.459918
0.192671
0.503556
0.460493
0.346656
0.282554
0.543189
0.48085
0.169801
0.47285
0.260051
0.558624
0.588519
0.584237
0.626407
0.524833
0.671418
0.60744
0.616968
0.622064
0.628947
0.646062
0.652067
0.757865
0.753656
0.747493
0.704483
0.791595
0.731593
0.708495
0.789794
0.76529
0.774276
0.725065
0.720363
0.714654
0.6995
0.70663
0.718382
0.694853
0.756751
0.580121
0.648528
0.632377
0.611845
0.626215
0.600334
0.595438
0.623544
0.595515
0.588595
0.667102
0.680551
0.67195
0.704836
0.76066
0.756653
0.457396
0.332986
0.513759
0.546946
0.488513
0.488371
0.599731
0.608717
0.346517
0.560089
0.612155
0.599387
0.580572
0.603099
0.717598
0.566598
0.610816
0.664705
0.635654
0.71592
0.700508
0.734984
0.706593
0.753575
0.647053
0.57273
0.586757
0.581096
0.61057
0.720368
0.633429
0.685226
0.600793
0.707919
0.77196
0.730348
0.766212
0.782526
0.785736
0.772351
0.756185
0.559571
0.564574
0.573156
0.602181
0.586322
0.609153
0.600383
0.607109
0.584054
0.56106
0.591027
0.58383
0.685366
0.328194
0.299425
0.289809
0.278913
0.305454
0.344362
0.251356
0.236524
0.249262
0.230618
0.239895
0.247819
0.23475
0.250693
0.23734
0.261252
0.313456
0.338949
0.291395
0.567599
0.31708
0.308582
0.262957
0.273191
0.261312
0.25326
0.230799
0.256879
0.241124
0.21782
0.255462
0.265914
0.215759
0.239778
0.25239
0.26253
0.231578
0.245365
0.235424
0.232268
0.269976
0.226445
0.223154
0.219049
0.250928
0.267274
0.72701
0.785442
0.690667
0.767671
0.79209
0.831274
0.793993
0.784959
0.684099
0.78593
0.844991
0.778482
0.811162
0.846279
0.802195
0.80232
0.830133
0.570595
0.611962
0.655597
0.630439
0.634453
0.669545
0.735469
0.608381
0.657776
0.609114
0.640773
0.658681
0.778169
0.781969
0.829915
0.851845
0.856003
0.830477
0.717852
0.736683
0.8486
0.857124
0.858105
0.828159
0.846122
0.734094
0.731129
0.777684
0.82171
0.769784
0.792881
0.851768
0.843091
0.838635
0.860932
0.867762
0.845809
0.860354
0.883843
0.867149
0.880752
0.298383
0.301549
0.381049
0.313208
0.329989
0.337094
0.281331
0.288017
0.298651
0.296704
0.325965
0.340401
0.446606
0.579502
0.322023
0.321699
0.372094
0.614787
0.530157
0.62268
0.391901
0.369404
0.494901
0.426012
0.4417
0.380634
0.278911
0.288863
0.286695
0.358495
0.306395
0.313713
0.341449
0.485584
0.40124
0.429356
0.355654
0.356087
0.437551
0.431138
0.467285
0.401256
0.456886
0.47668
0.478762
0.513841
0.602276
0.387854
0.389687
0.373388
0.283668
0.263855
0.279103
0.31807
0.348842
0.275213
0.303398
0.314392
0.300941
0.330378
0.386772
0.356645
0.352171
0.729872
0.686616
0.785018
0.711272
0.711769
0.739075
0.771506
0.784781
0.77116
0.750036
0.715802
0.81863
0.847315
0.844361
0.84776
0.849562
0.852693
0.794639
0.792667
0.764382
0.840958
0.846813
0.849182
0.835131
0.786857
0.734481
0.878211
0.863023
0.874397
0.863423
0.856146
0.821893
0.853267
0.880002
0.863054
0.869122
0.88059
0.867516
0.822803
0.849421
0.696529
0.698303
0.724902
0.73548
0.707442
0.70267
0.674106
0.688795
0.824262
0.723788
0.706129
0.559046
0.730053
0.717616
0.697437
0.680947
0.653102
0.52095
0.681789
0.718147
0.704363
0.715609
0.683132
0.817593
0.843733
0.80085
0.839933
0.742599
0.8468
0.836097
0.773697
0.853607
0.847911
0.567342
0.748501
0.783486
0.8257
0.607469
0.694467
0.709799
0.677388
0.702551
0.692654
0.674431
0.678101
0.656201
0.651636
0.271852
0.282013
0.270034
0.243927
0.260952
0.24543
0.258941
0.246565
0.249146
0.2539
0.283479
0.309049
0.291063
0.259203
0.239374
0.243311
0.238089
0.245445
0.268181
0.285612
0.251831
0.248635
0.227493
0.224969
0.1998
0.216859
0.206538
0.187222
0.188885
0.18323
0.182523
0.225436
0.222215
0.196399
0.202464
0.183852
0.178643
0.235911
0.21808
0.22648
0.1988
0.200769
0.243236
0.25047
0.236644
0.214503
0.183017
0.163772
0.169387
0.190432
0.208579
0.219605
0.233909
0.231583
0.244667
0.273014
0.225573
0.238979
0.1938
0.21884
0.226027
0.241145
0.244919
0.228825
0.241284
0.162151
0.178583
0.156537
0.200317
0.168782
0.225055
0.231022
0.189727
0.222109
0.230114
0.649308
0.658521
0.673027
0.656389
0.319355
0.322075
0.340062
0.321025
0.337357
0.272592
0.268768
0.253561
0.296758
0.311904
0.294355
0.260111
0.283109
0.282435
0.283605
0.285476
0.257339
0.262057
0.284884
0.277899
0.257355
0.265762
0.383557
0.35719
0.334279
0.353878
0.377436
0.532315
0.434393
0.415104
0.446686
0.370558
0.300265
0.31848
0.302524
0.318017
0.378429
0.281049
0.23505
0.258306
0.269735
0.245551
0.271885
0.22242
0.213746
0.223954
0.228876
0.22804
0.250572
0.250818
0.242653
0.202077
0.224565
0.221146
0.249972
0.246362
0.246526
0.217533
0.217878
0.193386
0.235751
0.292618
0.290771
0.269412
0.240583
0.248814
0.373868
0.317442
0.282697
0.338606
0.471762
0.28493
0.272707
0.281572
0.307659
0.341731
0.308607
0.343669
0.500009
0.402878
0.437404
0.480521
0.503921
0.487027
0.38195
0.392017
0.507376
0.458191
0.421199
0.612964
0.592062
0.583562
0.541606
0.680737
0.642172
0.60889
0.645696
0.545171
0.610349
0.623546
0.453333
0.506333
0.565383
0.455896
0.50992
0.556749
0.58998
0.607943
0.608359
0.580158
0.675265
0.656179
0.646827
0.627476
0.657408
0.620996
0.617659
0.603844
0.615099
0.601898
0.580671
0.593262
0.569899
0.530105
0.570718
0.556721
0.419163
0.519726
0.537912
0.559721
0.554879
0.542847
0.550898
0.575173
0.575373
0.582918
0.571635
0.548293
0.572053
0.561525
0.570011
0.538794
0.578231
0.575428
0.576097
0.565932
0.541104
0.518449
0.564787
0.57813
0.524021
0.571955
0.619729
0.613143
0.601739
0.6387
0.595114
0.613448
0.681287
0.700737
0.57669
0.589204
0.546689
0.524299
0.566673
0.58119
0.519655
0.490538
0.487076
0.476524
0.498958
0.516027
0.492311
0.519283
0.552878
0.505494
0.514944
0.535302
0.526368
0.480013
0.484173
0.48345
0.470993
0.487943
0.481373
0.492744
0.508152
0.495275
0.479618
0.473186
0.486746
0.433727
0.42051
0.501974
0.473432
0.476424
0.472404
0.468563
0.457655
0.460209
0.465943
0.596688
0.610932
0.663742
0.694712
0.703626
0.680889
0.515486
0.550646
0.572008
0.538507
0.514473
0.457234
0.497742
0.342877
0.331084
0.662462
0.728242
0.334909
0.686732
0.266177
0.616637
0.64011
0.659677
0.611294
0.241202
0.345674
0.370229
0.307109
0.237271
0.246962
0.221712
0.513294
0.314723
0.375071
0.455885
0.28922
0.220188
0.285693
0.224842
0.208706
0.222782
0.228179
0.251439
0.265145
0.27184
0.270051
0.22012
0.225358
0.268831
0.198259
0.212376
0.281969
0.242573
0.268496
0.272815
0.236392
0.274257
0.286636
0.4718
0.501425
0.5163
0.510991
0.542476
0.552529
0.560637
0.542069
0.366413
0.302182
0.565183
0.361915
0.575463
0.498656
0.252612
0.280612
0.257541
0.430715
0.26041
0.233539
0.215979
0.204425
0.210863
0.606164
0.646017
0.621427
0.567381
0.463305
0.432979
0.623202
0.595499
0.568702
0.399756
0.560218
0.588047
0.577108
0.246422
0.38211
0.264818
0.247017
0.276468
0.187886
0.215401
0.23699
0.190534
0.254435
0.281355
0.283974
0.291632
0.212254
0.302019
0.296085
0.229046
0.276577
0.283252
0.292255
0.241637
0.232121
0.269832
0.297445
0.309952
0.309429
0.29967
0.305313
0.275218
0.288239
0.283447
0.287834
0.273759
0.27478
0.275122
0.279585
0.290032
0.28167
0.284683
0.288271
0.283666
0.291464
0.277629
0.27269
0.283106
0.276742
0.275262
0.259936
0.211224
0.234788
0.255005
0.277526
0.280721
0.291208
0.280852
0.27094
0.301603
0.304687
0.215965
0.206868
0.257292
0.258058
0.282213
0.276134
0.283161
0.304424
0.298843
0.280869
0.279045
0.293363
0.285015
0.283327
0.277573
0.280651
0.300691
0.282773
0.284848
0.288482
0.282427
0.281597
0.273132
0.286914
0.309057
0.274927
0.281086
0.289112
0.302804
0.313751
0.313194
0.288471
0.289192
0.281537
0.300703
0.197687
0.197663
0.219836
0.23226
0.202971
0.236968
0.278233
0.329942
0.362641
0.316523
0.332026
0.25448
0.39023
0.267113
0.388862
0.390167
0.259275
0.293217
0.30065
0.428237
0.424821
0.472179
0.475516
0.485656
0.403937
0.34323
0.390819
0.43545
0.511745
0.488387
0.491941
0.530373
0.423338
0.499475
0.490891
0.48071
0.462038
0.428406
0.321105
0.333234
0.310933
0.339946
0.322446
0.355833
0.397085
0.336621
0.348788
0.377287
0.372149
0.387321
0.28428
0.306482
0.283444
0.288313
0.30321
0.284557
0.284867
0.273014
0.307691
0.273283
0.291034
0.28678
0.268497
0.229798
0.236183
0.243133
0.253895
0.31065
0.279381
0.303523
0.302912
0.245103
0.272659
0.256125
0.232712
0.228653
0.237992
0.254708
0.545593
0.558201
0.559818
0.52741
0.503047
0.414556
0.398672
0.539503
0.550797
0.373001
0.388167
0.353698
0.331966
0.371449
0.397461
0.432419
0.462074
0.434624
0.491344
0.473709
0.329896
0.328156
0.488586
0.482594
0.378683
0.353155
0.387934
0.275984
0.298276
0.301048
0.326263
0.320503
0.587974
0.618161
0.578168
0.434659
0.542163
0.493822
0.552997
0.513089
0.458434
0.524014
0.449084
0.409787
0.390128
0.364763
0.440179
0.44734
0.37777
0.341872
0.438187
0.414387
0.489163
0.514192
0.407629
0.528339
0.502649
0.287266
0.360756
0.276409
0.263559
0.311078
0.282389
0.256868
0.312708
0.341322
0.359859
0.37174
0.326834
0.320862
0.569597
0.592441
0.697295
0.659272
0.575297
0.554668
0.679931
0.59647
0.720372
0.728809
0.706958
0.694418
0.596523
0.507213
0.508469
0.410844
0.454778
0.444512
0.413157
0.396033
0.715488
0.62616
0.431518
0.413233
0.563044
0.431477
0.389873
0.384242
0.359044
0.419902
0.566706
0.437173
0.377534
0.410291
0.41981
0.380783
0.374493
0.361475
0.466821
0.397837
0.420866
0.486963
0.402389
0.432553
0.541034
0.557413
0.648782
0.639112
0.598478
0.567737
0.282413
0.274463
0.257251
0.280828
0.274415
0.260354
0.257195
0.223941
0.225136
0.209868
0.224531
0.214511
0.183238
0.180357
0.166313
0.278101
0.270811
0.260926
0.253681
0.232786
0.240626
0.230295
0.212402
0.211971
0.169342
0.193864
0.27169
0.255364
0.265411
0.244866
0.251896
0.257058
0.220071
0.206151
0.241476
0.217925
0.197425
0.21027
0.227542
0.181777
0.176099
0.165759
0.160651
0.176314
0.262049
0.271339
0.255729
0.275134
0.244485
0.242647
0.223237
0.208013
0.215759
0.220995
0.231968
0.162162
0.173174
0.178715
0.721169
0.754792
0.661581
0.782404
0.777255
0.723201
0.697387
0.78341
0.778052
0.752619
0.731208
0.71328
0.688974
0.753972
0.713365
0.705473
0.700351
0.680434
0.655139
0.677437
0.640691
0.653151
0.629719
0.638278
0.623206
0.625664
0.615743
0.610333
0.682718
0.649075
0.619311
0.700558
0.700931
0.70042
0.650053
0.62295
0.604445
0.600635
0.627842
0.6091
0.606514
0.625658
0.587528
0.582537
0.591949
0.569795
0.614359
0.613107
0.645682
0.629498
0.601731
0.572686
0.55685
0.54866
0.522028
0.487066
0.543668
0.512887
0.498283
0.486643
0.476624
0.490894
0.48312
0.487071
0.64952
0.62188
0.609187
0.599386
0.601559
0.591542
0.591038
0.565659
0.584894
0.581433
0.58037
0.565303
0.547123
0.563492
0.548338
0.614143
0.59872
0.619685
0.601121
0.59621
0.598563
0.575898
0.578761
0.556321
0.550964
0.550073
0.570798
0.57083
0.56437
0.553642
0.591498
0.621779
0.576428
0.583428
0.596771
0.575729
0.570245
0.573131
0.549729
0.640417
0.608604
0.596731
0.584837
0.579757
0.593527
0.583215
0.575748
0.570756
0.561831
0.54383
0.530493
0.588385
0.575141
0.568153
0.590691
0.568215
0.515055
0.525329
0.572533
0.539766
0.539767
0.508679
0.490358
0.531453
0.506382
0.499982
0.53168
0.520597
0.52856
0.502091
0.495753
0.516639
0.547466
0.527397
0.525894
0.517861
0.538389
0.542433
0.558597
0.586195
0.550332
0.574083
0.55327
0.530714
0.491799
0.508418
0.520101
0.496843
0.50186
0.48928
0.475885
0.489415
0.479893
0.465796
0.484767
0.457738
0.45759
0.428863
0.44802
0.548714
0.536622
0.535192
0.549166
0.54337
0.536206
0.534952
0.538447
0.487606
0.506106
0.512749
0.529065
0.491943
0.18295
0.487619
0.528506
0.200205
0.221112
0.490003
0.395138
0.213037
0.512265
0.509049
0.504484
0.50218
0.536181
0.524356
0.513174
0.517381
0.505004
0.499653
0.493605
0.486133
0.483769
0.480534
0.466801
0.445429
0.460907
0.426746
0.434004
0.433541
0.477159
0.479055
0.491359
0.486618
0.486138
0.457495
0.460948
0.450097
0.47794
0.46792
0.466336
0.469017
0.472457
0.463697
0.494141
0.478192
0.470825
0.482802
0.472552
0.462958
0.457045
0.454201
0.444347
0.481762
0.48674
0.487369
0.464056
0.468493
0.49027
0.486874
0.509239
0.495709
0.465959
0.484408
0.454234
0.448501
0.455405
0.431624
0.433929
0.444478
0.429563
0.430672
0.413285
0.484548
0.482015
0.456685
0.514927
0.499079
0.50788
0.497874
0.504964
0.492439
0.491591
0.485051
0.488543
0.478837
0.478042
0.483833
0.440109
0.459776
0.4827
0.473173
0.466481
0.276738
0.482379
0.460425
0.477985
0.445179
0.459396
0.437555
0.429481
0.426902
0.425003
0.413458
0.414569
0.401076
0.398531
0.44797
0.435725
0.406341
0.379527
0.426172
0.318436
0.371979
0.483707
0.47274
0.508025
0.490276
0.472389
0.454448
0.446175
0.457553
0.433864
0.425672
0.443828
0.425829
0.455337
0.410233
0.428141
0.409054
0.478879
0.489539
0.448124
0.427421
0.455593
0.455144
0.430257
0.412518
0.411168
0.396928
0.36783
0.421905
0.389431
0.423505
0.39957
0.415818
0.392621
0.384566
0.368858
0.371086
0.340819
0.368477
0.394497
0.338004
0.387481
0.33877
0.401246
0.420228
0.426647
0.404795
0.394628
0.398603
0.399016
0.427131
0.421218
0.386852
0.375657
0.366492
0.36231
0.357598
0.345779
0.311056
0.350056
0.319369
0.284965
0.274398
0.284302
0.385489
0.35536
0.350905
0.354999
0.307808
0.323774
0.315419
0.324096
0.324081
0.314869
0.325081
0.319693
0.311638
0.309148
0.326778
0.318571
0.342658
0.344419
0.312322
0.311336
0.326565
0.343526
0.300351
0.364823
0.327926
0.344929
0.326879
0.3168
0.319017
0.317977
0.298335
0.290102
0.308605
0.7647
0.737365
0.705686
0.675328
0.672581
0.675917
0.698788
0.694202
0.762074
0.766988
0.723081
0.70008
0.708516
0.73455
0.721058
0.685078
0.662591
0.680444
0.668722
0.676072
0.677954
0.669279
0.688479
0.667558
0.656544
0.653105
0.649394
0.64718
0.655367
0.650648
0.639732
0.65358
0.650597
0.653305
0.653157
0.647194
0.642264
0.644849
0.632672
0.593527
0.613847
0.583679
0.626939
0.606246
0.626032
0.60868
0.516953
0.252215
0.413149
0.551669
0.605753
0.602229
0.581946
0.521169
0.452547
0.105108
0.0322567
0.0678821
0.0116526
0.0198122
0.00592653
0.00572067
0.00194771
0.00778458
0
0.0316223
0.0874947
0.0253556
0.00250646
0.0189364
0.0138475
0.00632496
0.0188497
0.0489804
0.0210912
0.0303915
0.010961
0.00781398
0.0067856
0.0110856
0.0232489
0.0399914
0.0293717
0.0410228
0.0510333
0.0397515
0.0426097
0.0287301
0.0413912
0.0354678
0.0447167
0.0413407
0.0459916
0.0167349
0.0367309
0.0426713
0.0530923
0.0487677
0.0460822
0.0471661
0.0407961
0.0478102
0.0248728
0.0302063
0.0116635
0.0239223
0.00885998
0.0306405
0.0263553
0.0112727
0.0032446
0.426997
0.359166
0.437777
0.430228
0.464586
0.450852
0.50143
0.348277
0.240408
0.305898
0.498075
0.543666
0.536055
0.532376
0.527656
0.52666
0.530552
0.344804
0.359038
0.456855
0.407186
0.480186
0.495411
0.439553
0.459402
0.4907
0.467115
0.429141
0.411837
0.383308
0.43015
0.370586
0.418574
0.410527
0.455939
0.365402
0.375592
0.463096
0.412022
0.427169
0.323795
0.319102
0.356929
0.37058
0.389415
0.377429
0.433086
0.408176
0.42472
0.291214
0.315293
0.337837
0.330286
0.333867
