x	 y	
400	0.28225
401	0.28225
402	0
403	0
404	0
405	0
406	0
407	0
408	0
409	0
410	0
411	0.39333
412	0.44905
413	0.44905
414	0.44905
415	0.44905
416	0.44905
417	0.44905
418	0.44905
419	0.44905
420	0.3993
421	0.3993
422	0.3993
423	0.44905
424	0.44905
425	0.44905
426	0.44905
427	0.44905
428	0.44905
429	0.44905
430	0.44905
431	0.44905
432	0.44905
433	0.44905
434	0.44905
435	0.44905
436	0.44905
437	0.44905
438	0.44905
439	0.44905
440	0.44905
441	0.44905
442	0.44905
443	0.44905
444	0.44905
445	0.44905
446	0.44905
447	0.44905
448	0.44905
449	0.44905
450	0.44905
451	0.44905
452	0.44905
453	0.44905
454	0.44905
455	0.44905
456	0.44905
457	0.44905
458	0.44905
459	0.44905
460	0.44905
461	0.44905
462	0.44905
463	0.44905
464	0.44905
465	0.44905
466	0.44905
467	0.44905
468	0.44905
469	0.3993
470	0.3993
471	0.3993
472	0.44905
473	0.44905
474	0.42418
475	0.31785
476	0.29638
477	0.28767
478	0.29032
479	0.30295
480	0.32417
481	0.35258
482	0.38681
483	0.42545
484	0.46712
485	0.51042
486	0.55397
487	0.59638
488	0.63625
489	0.67219
490	0.70282
491	0.88388
492	2.7814
493	15.832
494	48.475
495	78.131
496	85.65
497	85
498	85.525
499	88.012
500	90.822
501	91.693
502	90.948
503	90.25
504	90.596
505	91.384
506	91.522
507	90.636
508	89.359
509	88.658
510	89.404
511	91.16
512	93.024
513	94.584
514	95.511
515	96.031
516	95.958
517	95.897
518	95.524
519	95.298
520	95.225
521	95.6
522	96.246
523	96.66
524	96.934
525	96.842
526	96.113
527	95.002
528	94.083
529	93.154
530	92.842
531	93.183
532	93.592
533	94.4
534	95.137
535	95.389
536	95.449
537	95.25
538	95.524
539	95.897
540	93.459
541	82.526
542	63.833
543	40.926
544	20.657
545	9.7575
546	4.9088
547	2.6978
548	1.6839
549	1.1496
550	0.89682
551	0.74756
552	0.74756
553	0.74756
554	0.45357
555	0
556	0
557	0
558	0
559	0
560	0
561	0
562	0
563	0
564	0
565	0
566	0
567	0
568	0
569	0
570	0
571	0
572	0
573	0
574	0
575	0
576	0
577	0
578	0
579	0
580	0
581	0
582	0
583	0
584	0
585	0
586	0
587	0
588	0
589	0
590	0
591	0
592	0
593	0
594	0
595	0
596	0
597	0
598	0
599	0
600	0
601	0
602	0
603	0
604	0
605	0
606	0
607	0
608	0
609	0
610	0
611	0
612	0
613	0
614	0
615	0
616	0
617	0
618	0
619	0
620	0
621	0
622	0
623	0
624	0
625	0
626	0
627	0
628	0
629	0
630	0
631	0
632	0
633	0
634	0
635	0
636	0
637	0
638	0
639	0
640	0
641	0
642	0
643	0
644	0
645	0
646	0
647	0
648	0
649	0
650	0
651	0
652	0
653	0
654	0
655	0
656	0
657	0
658	0
659	0
660	0
661	0
662	0
663	0
664	0
665	0
666	0
667	0
668	0
669	0
670	0
671	0
672	0
673	0
674	0
675	0
676	0
677	0
678	0
679	0
680	0
681	0
682	0
683	0
684	0
685	0
686	0
687	0
688	0
689	0
690	0
691	0
692	0
693	0
694	0
695	0
696	0
697	0
698	0
699	0
700	0
