# Optical absorption spectrum of Sulforhodamine 101 in ethanol
#
# Data from PhotochemCAD 2.1a has been munged on 26 February 2012 by Scott Prahl to make
# the information available to non-Windows users.  Although I have tried to be as careful
# as possible, I may have introduced some error; the cautious user is advised to compare
# these results with the original sources at www.photochemcad.com:
#
# H. Du, R. A. Fuh, J. Li, A. Corkan, J. S. Lindsey, "PhotochemCAD: A computer-aided design
#     and research tool in photochemistry," Photochem. Photobiol., 68, 141-142, 1998. 
# J. M. Dixon, M. Taniguchi and J. S. Lindsey "PhotochemCAD 2. A refined program with accompanying 
#     spectral databases for photochemical calculations", Photochem. Photobiol., 81, 212-213, 2005.
#
# The spectral absorption measurements were made by R.-C. A. Fuh on 06-20-1995 using a Cary 3.  
# The absorption values were collected using a spectral bandwidth of 1.0 nm, a signal averaging time of 0.133 sec, a data interval of 0.25 nm, and a scan rate of 112.5 nm/min.
#
# These measurements were scaled to make the molar extinction coefficient match
# the value of 139000 cm-1/M at 576.0 nm.  These values were 
# then interpolated to report extinction coefficients at regular 1nm intervals
#
# The reported molar extinction coefficient is from
# Birge, R. R. (1987) “Kodak Laser Dyes,”  Kodak publication JJ-169.
#
##Wavelength (nm)	Molar Extinction (cm-1/M) 
219.74	33274
219.99	32776
220.24	33133
220.49	33561
220.74	33211
220.99	33362
221.24	33325
221.49	33085
221.74	33332
221.99	33029
222.24	32928
222.49	33405
222.74	33322
222.99	32874
223.24	33165
223.49	33172
223.74	33158
223.99	33264
224.24	33128
224.49	33271
224.74	33155
224.99	33229
225.24	32964
225.49	33145
225.74	32777
225.99	32701
226.24	32651
226.49	32862
226.74	32679
226.99	32572
227.24	32581
227.49	32692
227.74	32168
227.99	32327
228.24	32091
228.49	32093
228.74	31927
228.99	31870
229.24	31151
229.49	31102
229.74	31299
229.99	31244
230.24	31109
230.49	31115
230.74	30720
230.99	30519
231.24	30305
231.49	30460
231.74	30007
231.99	29716
232.24	29795
232.49	29430
232.74	29500
232.99	29036
233.24	28529
233.49	28472
233.74	28296
233.99	28196
234.24	28169
234.49	27596
234.74	27439
234.99	27137
235.24	26456
235.49	26769
235.74	26433
235.99	26267
236.24	26002
236.49	25584
236.74	25271
236.99	25126
237.24	24860
237.49	24684
237.74	24453
237.99	24346
238.24	24221
238.49	23915
238.74	23691
238.99	23639
239.24	23540
239.49	23462
239.74	23150
239.99	22969
240.24	22763
240.49	22465
240.74	22493
240.99	22377
241.24	22045
241.49	21952
241.74	21792
241.99	21686
242.24	21445
242.49	21131
242.74	21050
242.99	21002
243.24	20970
243.49	20705
243.74	20548
243.99	20500
244.24	20181
244.49	19971
244.74	20119
244.99	19590
245.24	20111
245.49	19657
245.74	19682
245.99	19424
246.24	19437
246.49	19363
246.74	19152
246.99	19052
247.24	19016
247.49	18750
247.74	18490
247.99	18295
248.24	18039
248.49	17857
248.74	17812
248.99	17710
249.24	17748
249.49	17919
249.74	17895
249.99	17966
250.24	17584
250.49	17742
250.74	17732
250.99	17685
251.24	17782
251.49	17945
251.74	17741
251.99	17706
252.24	17764
252.49	17931
252.74	17761
252.99	17934
253.24	18081
253.49	17971
253.74	17849
253.99	17915
254.24	18207
254.49	18331
254.74	18753
254.99	18931
255.24	19287
255.49	19458
255.74	19935
255.99	20292
256.24	20710
256.49	20940
256.74	21053
256.99	21873
257.24	22030
257.49	22188
257.74	22604
257.99	23270
258.24	23393
258.49	23861
258.74	24323
258.99	24704
259.24	24983
259.49	25398
259.74	25730
259.99	26003
260.24	26382
260.49	26885
260.74	27275
260.99	27549
261.24	28117
261.49	28656
261.74	29132
261.99	29586
262.24	30189
262.49	31023
262.74	31319
262.99	31789
263.24	32513
263.49	33139
263.74	33624
263.99	34015
264.24	34360
264.49	34915
264.74	35536
264.99	35781
265.24	36068
265.49	36188
265.74	36429
265.99	36463
266.24	36793
266.49	36856
266.74	36685
266.99	36797
267.24	36653
267.49	36349
267.74	36036
267.99	35451
268.24	35104
268.49	34742
268.74	34127
268.99	33494
269.24	32924
269.49	32343
269.74	31490
269.99	30978
270.24	30376
270.49	29763
270.74	29074
270.99	28400
271.24	27836
271.49	26872
271.74	26018
271.99	25552
272.24	24737
272.49	24434
272.74	23829
272.99	23170
273.24	22906
273.49	22265
273.74	21642
273.99	21132
274.24	20770
274.49	20529
274.74	20193
274.99	19534
275.24	19082
275.49	18957
275.74	18462
275.99	18303
276.24	18035
276.49	17632
276.74	17548
276.99	17293
277.24	16949
277.49	17019
277.74	16528
277.99	16239
278.24	16025
278.49	15952
278.74	15479
278.99	15613
279.24	15671
279.49	15356
279.74	15277
279.99	15212
280.24	15053
280.49	15039
280.74	14869
280.99	14797
281.24	14686
281.49	14727
281.74	14600
281.99	14379
282.24	14544
282.49	14324
282.74	14351
282.99	14084
283.24	14274
283.49	14134
283.74	14244
283.99	14013
284.24	14239
284.49	14040
284.74	14055
284.99	13987
285.24	14177
285.49	14121
285.74	14253
285.99	14325
286.24	14295
286.49	14462
286.74	14405
286.99	14468
287.24	14289
287.49	14396
287.74	14353
287.99	14508
288.24	14415
288.49	14698
288.74	14524
288.99	14556
289.24	14791
289.49	14772
289.74	15173
289.99	15129
290.24	15187
290.49	15304
290.74	15556
290.99	15345
291.24	15492
291.49	15737
291.74	15406
291.99	15673
292.24	15867
292.49	16045
292.74	16061
292.99	16170
293.24	16256
293.49	16387
293.74	16561
293.99	16513
294.24	16494
294.49	16984
294.74	17150
294.99	16773
295.24	17000
295.49	17020
295.74	17097
295.99	17248
296.24	17595
296.49	17336
296.74	17374
296.99	17506
297.24	17407
297.49	17623
297.74	17390
297.99	17379
298.24	17326
298.49	17502
298.74	17278
298.99	17324
299.24	17582
299.49	17315
299.74	17301
299.99	17337
300.24	17429
300.49	17287
300.74	17263
300.99	16886
301.24	16883
301.49	16946
301.74	16804
301.99	16655
302.24	16852
302.49	16551
302.74	16585
302.99	16428
303.24	16351
303.49	16235
303.74	16460
303.99	16468
304.24	16387
304.49	16182
304.74	16499
304.99	16543
305.24	16395
305.49	16206
305.74	16244
305.99	16234
306.24	16118
306.49	16475
306.74	16452
306.99	16510
307.24	16232
307.49	16473
307.74	16704
307.99	16681
308.24	16998
308.49	16877
308.74	17117
308.99	17213
309.24	17285
309.49	17483
309.74	17508
309.99	18160
310.24	17966
310.49	17818
310.74	17400
310.99	18925
311.24	18187
311.49	17417
311.74	18851
311.99	17502
312.24	18101
312.49	18139
312.74	17743
312.99	17910
313.24	17737
313.49	18272
313.74	17677
313.99	18424
314.24	18327
314.49	17474
314.74	17186
314.99	16780
315.24	17059
315.49	16268
315.74	15943
315.99	16256
316.24	15263
316.49	14215
316.74	15252
316.99	14909
317.24	14331
317.49	14239
317.74	13910
317.99	14009
318.24	13441
318.49	12670
318.74	12530
318.99	12701
319.24	13268
319.49	12091
319.74	11254
319.99	12035
320.24	10546
320.49	11660
320.74	10156
320.99	10050
321.24	10213
321.49	9937
321.74	9855
321.99	9439
322.24	9340
322.49	8152
322.74	8776
322.99	8257
323.24	8555
323.49	8360
323.74	7911
323.99	7454
324.24	7139
324.49	7228
324.74	7184
324.99	6606
325.24	7353
325.49	5590
325.74	6341
325.99	5658
326.24	5183
326.49	5701
326.74	5515
326.99	5383
327.24	5029
327.49	5605
327.74	3889
327.99	4777
328.24	4039
328.49	4743
328.74	4349
328.99	4084
329.24	3996
329.49	4663
329.74	3966
329.99	4216
330.24	4020
330.49	4039
330.74	3932
330.99	3744
331.24	3837
331.49	3157
331.74	3643
331.99	3462
332.24	4554
332.49	3620
332.74	3139
332.99	2843
333.24	2805
333.49	2551
333.74	3378
333.99	2926
334.24	2798
334.49	2988
334.74	2813
334.99	3088
335.24	2550
335.49	2223
335.74	2384
335.99	2309
336.24	2419
336.49	2619
336.74	2035
336.99	2967
337.24	2637
337.49	2506
337.74	2620
337.99	2968
338.24	2778
338.49	2281
338.74	3017
338.99	1902
339.24	2564
339.49	2360
339.74	1796
339.99	2384
340.24	2621
340.49	2405
340.74	2629
340.99	2586
341.24	2070
341.49	2616
341.74	2053
341.99	2151
342.24	2407
342.49	2217
342.74	2353
342.99	2652
343.24	2572
343.49	2674
343.74	2651
343.99	2845
344.24	2782
344.49	2734
344.74	2676
344.99	3132
345.24	2847
345.49	2808
345.74	3385
345.99	3225
346.24	3219
346.49	3325
346.74	2983
346.99	3558
347.24	3061
347.49	3510
347.74	3232
347.99	3121
348.24	3582
348.49	3320
348.74	3705
348.99	3284
349.24	3361
349.49	4541
349.74	3123
349.99	3964
350.24	3793
350.49	3568
350.74	3679
350.99	3877
351.24	4049
351.49	3650
351.74	3568
351.99	4274
352.24	3918
352.49	3510
352.74	4015
352.99	4111
353.24	3786
353.49	3597
353.74	3993
353.99	3859
354.24	3822
354.49	3940
354.74	4070
354.99	4357
355.24	3989
355.49	4624
355.74	3967
355.99	4105
356.24	4779
356.49	4337
356.74	4351
356.99	4406
357.24	4685
357.49	4305
357.74	4457
357.99	4458
358.24	4565
358.49	4750
358.74	4843
358.99	5151
359.24	5136
359.49	4853
359.74	5611
359.99	5491
360.24	5786
360.49	6099
360.74	5252
360.99	6070
361.24	5686
361.49	6103
361.74	6088
361.99	6616
362.24	6325
362.49	6286
362.74	6721
362.99	7133
363.24	7098
363.49	7411
363.74	7097
363.99	7317
364.24	7166
364.49	7518
364.74	7623
364.99	7815
365.24	8096
365.49	8221
365.74	7956
365.99	8254
366.24	8214
366.49	8107
366.74	8484
366.99	8282
367.24	8161
367.49	8453
367.74	8618
367.99	8547
368.24	8536
368.49	8166
368.74	8461
368.99	8339
369.24	8286
369.49	8588
369.74	8114
369.99	8012
370.24	8049
370.49	7548
370.74	7416
370.99	7420
371.24	7279
371.49	7373
371.74	6889
371.99	7017
372.24	6567
372.49	6375
372.74	6479
372.99	6259
373.24	6440
373.49	6099
373.74	5932
373.99	5753
374.24	5317
374.49	5035
374.74	5110
374.99	5130
375.24	5019
375.49	4995
375.74	4562
375.99	4644
376.24	4488
376.49	4053
376.74	4057
376.99	3537
377.24	3781
377.49	3651
377.74	3491
377.99	3189
378.24	2936
378.49	3020
378.74	2704
378.99	2973
379.24	2348
379.49	2602
379.74	2665
379.99	2517
380.24	2534
380.49	2439
380.74	2275
380.99	2088
381.24	1981
381.49	2100
381.74	1790
381.99	2238
382.24	1811
382.49	1508
382.74	1399
382.99	1368
383.24	1435
383.49	1685
383.74	1118
383.99	1778
384.24	1677
384.49	1231
384.74	1642
384.99	1443
385.24	1234
385.49	1503
385.74	1193
385.99	1179
386.24	1094
386.49	1424
386.74	1570
386.99	1568
387.24	1376
387.49	1286
387.74	1481
387.99	1289
388.24	1207
388.49	1309
388.74	1295
388.99	1232
389.24	746
389.49	1386
389.74	1249
389.99	1367
390.24	970
390.49	896
390.74	1506
390.99	1097
391.24	1372
391.49	844
391.74	957
391.99	1245
392.24	1137
392.49	857
392.74	1250
392.99	919
393.24	1323
393.49	1288
393.74	1108
393.99	1291
394.24	1178
394.49	992
394.74	1432
394.99	1161
395.24	1181
395.49	1354
395.74	1279
395.99	1530
396.24	1253
396.49	1210
396.74	1148
396.99	1203
397.24	1346
397.49	1024
397.74	1256
397.99	1378
398.24	1459
398.49	1519
398.74	1575
398.99	1676
399.24	1245
399.49	1291
399.74	1480
399.99	1673
400.24	1700
400.49	1378
400.74	1734
400.99	1412
401.24	1674
401.49	1506
401.74	1308
401.99	1260
402.24	1671
402.49	1503
402.74	1349
402.99	1633
403.24	1662
403.49	1425
403.74	1288
403.99	1325
404.24	1301
404.49	1558
404.74	1839
404.99	1531
405.24	1569
405.49	1706
405.74	1509
405.99	1674
406.24	1856
406.49	1595
406.74	1667
406.99	1804
407.24	1660
407.49	1733
407.74	1626
407.99	1538
408.24	1617
408.49	1865
408.74	1812
408.99	1621
409.24	1849
409.49	1974
409.74	1885
409.99	2275
410.24	2023
410.49	1762
410.74	1844
410.99	1850
411.24	2268
411.49	2263
411.74	1935
411.99	1821
412.24	2261
412.49	2147
412.74	2090
412.99	2042
413.24	2025
413.49	1913
413.74	2023
413.99	1986
414.24	2122
414.49	2296
414.74	2077
414.99	1898
415.24	1974
415.49	2222
415.74	2130
415.99	2090
416.24	2454
416.49	2313
416.74	2358
416.99	2233
417.24	2109
417.49	2436
417.74	2217
417.99	2537
418.24	2449
418.49	2320
418.74	2108
418.99	2158
419.24	2113
419.49	2079
419.74	2214
419.99	2260
420.24	2376
420.49	2448
420.74	2216
420.99	2547
421.24	2369
421.49	2252
421.74	2327
421.99	2553
422.24	2308
422.49	2154
422.74	2150
422.99	2248
423.24	2371
423.49	2187
423.74	2430
423.99	2265
424.24	2373
424.49	2288
424.74	2044
424.99	2282
425.24	2340
425.49	2299
425.74	2061
425.99	2139
426.24	2313
426.49	2138
426.74	2233
426.99	2084
427.24	2178
427.49	2002
427.74	2341
427.99	2157
428.24	2133
428.49	1818
428.74	1976
428.99	2093
429.24	1933
429.49	1944
429.74	2251
429.99	2133
430.24	2205
430.49	2203
430.74	2110
430.99	2123
431.24	2028
431.49	1720
431.74	2079
431.99	1872
432.24	1832
432.49	2031
432.74	1996
432.99	2001
433.24	1965
433.49	1475
433.74	1690
433.99	1941
434.24	1720
434.49	1836
434.74	1898
434.99	1598
435.24	1883
435.49	1944
435.74	1747
435.99	1913
436.24	1786
436.49	1692
436.74	1779
436.99	1812
437.24	1934
437.49	1984
437.74	1711
437.99	2191
438.24	1901
438.49	1865
438.74	1616
438.99	1690
439.24	1650
439.49	1882
439.74	1712
439.99	1995
440.24	1630
440.49	1676
440.74	1721
440.99	1950
441.24	1668
441.49	2081
441.74	1980
441.99	1885
442.24	1715
442.49	2058
442.74	1815
442.99	1966
443.24	1756
443.49	1820
443.74	1712
443.99	1898
444.24	1992
444.49	1545
444.74	1798
444.99	1554
445.24	1678
445.49	1663
445.74	1548
445.99	1655
446.24	1948
446.49	1715
446.74	1738
446.99	1790
447.24	1709
447.49	1754
447.74	2028
447.99	1846
448.24	1634
448.49	1748
448.74	1847
448.99	1526
449.24	1822
449.49	1583
449.74	1604
449.99	1806
450.24	1850
450.49	1522
450.74	1697
450.99	1748
451.24	1508
451.49	1798
451.74	1327
451.99	2045
452.24	1878
452.49	1631
452.74	1848
452.99	1597
453.24	1627
453.49	1711
453.74	1562
453.99	1404
454.24	1685
454.49	1671
454.74	1606
454.99	1753
455.24	1642
455.49	1511
455.74	1741
455.99	1743
456.24	1397
456.49	1400
456.74	1805
456.99	1630
457.24	1678
457.49	1813
457.74	1454
457.99	1458
458.24	1394
458.49	1664
458.74	1540
458.99	1589
459.24	1655
459.49	1594
459.74	1553
459.99	1560
460.24	1790
460.49	1727
460.74	1720
460.99	1408
461.24	1332
461.49	1544
461.74	1554
461.99	1642
462.24	1742
462.49	1777
462.74	1510
462.99	1601
463.24	1620
463.49	1565
463.74	1489
463.99	1635
464.24	1317
464.49	1346
464.74	1784
464.99	1526
465.24	1444
465.49	1531
465.74	1531
465.99	1718
466.24	1659
466.49	1725
466.74	1630
466.99	1598
467.24	1764
467.49	1473
467.74	1588
467.99	1515
468.24	1848
468.49	1591
468.74	1356
468.99	1577
469.24	1778
469.49	1787
469.74	1583
469.99	1585
470.24	1498
470.49	1705
470.74	1668
470.99	1660
471.24	1669
471.49	1666
471.74	1876
471.99	1857
472.24	1797
472.49	2020
472.74	1928
472.99	2151
473.24	1871
473.49	1772
473.74	2304
473.99	2049
474.24	1769
474.49	2077
474.74	1848
474.99	2168
475.24	2036
475.49	2412
475.74	1988
475.99	2180
476.24	2428
476.49	2354
476.74	2253
476.99	2214
477.24	2430
477.49	2319
477.74	2456
477.99	2253
478.24	2351
478.49	2380
478.74	2699
478.99	2418
479.24	2880
479.49	2808
479.74	2702
479.99	2908
480.24	2918
480.49	3146
480.74	3232
480.99	3089
481.24	3359
481.49	3157
481.74	3232
481.99	3443
482.24	3297
482.49	3480
482.74	3462
482.99	3628
483.24	3330
483.49	3487
483.74	3524
483.99	3734
484.24	3654
484.49	3743
484.74	4022
484.99	3919
485.24	4329
485.49	4118
485.74	4015
485.99	4255
486.24	4278
486.49	4072
486.74	4213
486.99	4538
487.24	4469
487.49	4415
487.74	4615
487.99	4647
488.24	4801
488.49	4854
488.74	4998
488.99	4785
489.24	5044
489.49	5036
489.74	4873
489.99	5173
490.24	5216
490.49	5373
490.74	5302
490.99	5339
491.24	5513
491.49	5726
491.74	5738
491.99	5715
492.24	5899
492.49	5527
492.74	6031
492.99	6132
493.24	6022
493.49	6274
493.74	5850
493.99	6419
494.24	6491
494.49	6278
494.74	6657
494.99	6473
495.24	6512
495.49	6426
495.74	6818
495.99	6560
496.24	6697
496.49	6832
496.74	6944
496.99	6925
497.24	7024
497.49	6840
497.74	7017
497.99	6995
498.24	7274
498.49	7020
498.74	7394
498.99	7385
499.24	7370
499.49	7641
499.74	7642
499.99	7632
500.24	7536
500.49	7839
500.74	8112
500.99	8022
501.24	8044
501.49	8093
501.74	8249
501.99	8273
502.24	8246
502.49	8200
502.74	8683
502.99	8546
503.24	8622
503.49	8456
503.74	8543
503.99	8814
504.24	8904
504.49	9226
504.74	9156
504.99	9326
505.24	9206
505.49	9732
505.74	9530
505.99	9413
506.24	9863
506.49	9660
506.74	10101
506.99	9805
507.24	9994
507.49	10193
507.74	10205
507.99	10360
508.24	10680
508.49	10831
508.74	10965
508.99	10999
509.24	11281
509.49	11151
509.74	11635
509.99	11750
510.24	11801
510.49	11923
510.74	12382
510.99	12417
511.24	12504
511.49	12601
511.74	12880
511.99	13070
512.24	13367
512.49	13572
512.74	14036
512.99	14019
513.24	14055
513.49	14261
513.74	14537
513.99	14516
514.24	15166
514.49	15256
514.74	15686
514.99	15725
515.24	16351
515.49	16515
515.74	16869
515.99	17303
516.24	17472
516.49	17486
516.74	18246
516.99	18525
517.24	18910
517.49	18928
517.74	19287
517.99	19891
518.24	19876
518.49	20565
518.74	20653
518.99	20967
519.24	21009
519.49	21534
519.74	21652
519.99	22026
520.24	22307
520.49	22593
520.74	23177
520.99	23429
521.24	23668
521.49	23996
521.74	24515
521.99	24705
522.24	25084
522.49	25552
522.74	25623
522.99	25998
523.24	26616
523.49	26824
523.74	27297
523.99	27493
524.24	28304
524.49	28108
524.74	28635
524.99	29034
525.24	29415
525.49	29567
525.74	29703
525.99	30028
526.24	30382
526.49	31114
526.74	31087
526.99	31223
527.24	31861
527.49	32219
527.74	32338
527.99	32579
528.24	32941
528.49	33227
528.74	33799
528.99	33980
529.24	34127
529.49	34263
529.74	34700
529.99	34903
530.24	34595
530.49	35381
530.74	35596
530.99	35845
531.24	35723
531.49	36148
531.74	36250
531.99	36461
532.24	36645
532.49	36437
532.74	36617
532.99	36849
533.24	37111
533.49	37111
533.74	36851
533.99	37338
534.24	37180
534.49	37583
534.74	37231
534.99	37413
535.24	37565
535.49	37460
535.74	37721
535.99	37777
536.24	37765
536.49	37823
536.74	37850
536.99	37766
537.24	37853
537.49	37771
537.74	37746
537.99	37918
538.24	37789
538.49	37795
538.74	37924
538.99	37880
539.24	38076
539.49	37572
539.74	37751
539.99	38091
540.24	37270
540.49	37526
540.74	37614
540.99	37803
541.24	37658
541.49	37753
541.74	37515
541.99	37612
542.24	37773
542.49	37556
542.74	37701
542.99	37862
543.24	38195
543.49	38207
543.74	38302
543.99	38081
544.24	38392
544.49	38452
544.74	37988
544.99	38106
545.24	38399
545.49	38871
545.74	38952
545.99	38761
546.24	39193
546.49	39292
546.74	39554
546.99	39566
547.24	39837
547.49	40269
547.74	40592
547.99	40882
548.24	40831
548.49	41510
548.74	41647
548.99	42040
549.24	42109
549.49	42659
549.74	42829
549.99	43335
550.24	43603
550.49	43821
550.74	44586
550.99	44981
551.24	45572
551.49	46261
551.74	46414
551.99	47257
552.24	47891
552.49	48505
552.74	48843
552.99	49637
553.24	50225
553.49	50919
553.74	51605
553.99	52186
554.24	52964
554.49	53897
554.74	54405
554.99	55339
555.24	56684
555.49	57648
555.74	58582
555.99	59328
556.24	60197
556.49	61323
556.74	62454
556.99	63332
557.24	64336
557.49	65168
557.74	66075
557.99	67149
558.24	68008
558.49	68980
558.74	70304
558.99	71096
559.24	71992
559.49	73185
559.74	74541
559.99	75724
560.24	76790
560.49	77978
560.74	79055
560.99	80289
561.24	81230
561.49	82611
561.74	83693
561.99	84788
562.24	86200
562.49	87446
562.74	88246
562.99	89849
563.24	91407
563.49	92568
563.74	93548
563.99	94815
564.24	96758
564.49	97900
564.74	99135
564.99	100266
565.24	101442
565.49	102950
565.74	104183
565.99	105346
566.24	106822
566.49	107983
566.74	109525
566.99	110723
567.24	111785
567.49	113154
567.74	114595
567.99	115778
568.24	117062
568.49	117871
568.74	119835
568.99	120487
569.24	121829
569.49	122854
569.74	123559
569.99	125309
570.24	126470
570.49	127554
570.74	128382
570.99	129252
571.24	130376
571.49	131589
571.74	132295
571.99	132761
572.24	133437
572.49	134155
572.74	135234
572.99	135421
573.24	136164
573.49	136214
573.74	136892
573.99	137147
574.24	137554
574.49	137728
574.74	138643
574.99	138447
575.24	138436
575.49	138924
575.74	138661
575.99	139000
576.24	138496
576.49	138888
576.74	137978
576.99	137953
577.24	137793
577.49	137082
577.74	136925
577.99	136535
578.24	135756
578.49	134913
578.74	134323
578.99	133450
579.24	132642
579.49	131913
579.74	131045
579.99	129710
580.24	128391
580.49	127248
580.74	126079
580.99	124255
581.24	123339
581.49	122079
581.74	120466
581.99	119547
582.24	117666
582.49	115307
582.74	114451
582.99	112672
583.24	110930
583.49	109377
583.74	107386
583.99	105639
584.24	104232
584.49	101927
584.74	100194
584.99	98553
585.24	96376
585.49	94960
585.74	92561
585.99	91201
586.24	89062
586.49	87088
586.74	85394
586.99	83489
587.24	81544
587.49	79941
587.74	77984
587.99	76023
588.24	74434
588.49	72389
588.74	70458
588.99	68798
589.24	66962
589.49	65023
589.74	63311
589.99	61940
590.24	59755
590.49	58088
590.74	56797
590.99	54907
591.24	53687
591.49	51687
591.74	50277
591.99	48559
592.24	47094
592.49	45829
592.74	44118
592.99	42827
593.24	41412
593.49	39873
593.74	38747
593.99	37460
594.24	36167
594.49	34469
594.74	33260
594.99	31527
595.24	30546
595.49	29106
595.74	27982
595.99	27055
596.24	26207
596.49	25276
596.74	24124
596.99	23618
597.24	22481
597.49	21789
597.74	20916
597.99	19938
598.24	19386
598.49	18629
598.74	18094
598.99	17270
599.24	16491
599.49	15893
599.74	15621
599.99	14519
600.24	14325
600.49	13855
600.74	13201
600.99	12399
601.24	11880
601.49	11700
601.74	11395
601.99	10820
602.24	10539
602.49	9795
602.74	9670
602.99	9331
603.24	8762
603.49	8367
603.74	8051
603.99	7941
604.24	7479
604.49	7114
604.74	6714
604.99	6588
605.24	6519
605.49	6038
605.74	5818
605.99	5758
606.24	5620
606.49	5166
606.74	4752
606.99	4633
607.24	4465
607.49	4630
607.74	4029
607.99	4057
608.24	4093
608.49	3602
608.74	3717
608.99	3310
609.24	3341
609.49	2911
609.74	3128
609.99	2716
610.24	2766
610.49	2556
610.74	2568
610.99	2232
611.24	2054
611.49	2149
611.74	2225
611.99	2156
612.24	2017
612.49	1633
612.74	1919
612.99	1693
613.24	1688
613.49	1329
613.74	1534
613.99	1585
614.24	1274
614.49	1299
614.74	997
614.99	1558
615.24	1085
615.49	1161
615.74	1231
615.99	917
616.24	897
616.49	848
616.74	903
616.99	693
617.24	680
617.49	783
617.74	686
617.99	512
618.24	559
618.49	823
618.74	746
618.99	730
619.24	492
619.49	534
619.74	405
619.99	319
620.24	308
620.49	69
620.74	481
620.99	523
621.24	218
621.49	387
621.74	248
621.99	410
622.24	393
622.49	256
622.74	291
622.99	183
623.24	247
623.49	-63
623.74	189
623.99	149
624.24	181
624.49	22
624.74	246
624.99	293
625.24	305
625.49	-110
625.74	177
625.99	-8
626.24	204
626.49	128
626.74	320
626.99	41
627.24	63
627.49	-9
627.74	-38
627.99	-343
628.24	-188
628.49	238
628.74	-410
628.99	74
629.24	-10
629.49	-179
629.74	-408
629.99	58
630.24	118
630.49	-63
630.74	-10
630.99	-143
631.24	-81
631.49	-139
631.74	55
631.99	125
632.24	-226
632.49	17
632.74	-204
632.99	-82
633.24	-172
633.49	-168
633.74	-107
633.99	-32
634.24	-218
634.49	-112
634.74	-81
634.99	-182
635.24	229
635.49	-2
635.74	-183
635.99	62
636.24	-294
636.49	-229
636.74	-53
636.99	-146
637.24	-236
637.49	-128
637.74	42
637.99	-149
638.24	-18
638.49	19
638.74	-229
638.99	217
639.24	-258
639.49	-70
639.74	-304
639.99	51
640.24	-476
640.49	-232
640.74	-332
640.99	-213
641.24	6
641.49	-140
641.74	-256
641.99	-80
642.24	-296
642.49	-388
642.74	-88
642.99	-290
643.24	-119
643.49	-90
643.74	-311
643.99	-55
644.24	34
644.49	-277
644.74	-127
644.99	-133
645.24	73
645.49	236
645.74	196
645.99	-336
646.24	-172
646.49	183
646.74	-140
646.99	-193
647.24	-297
647.49	-10
647.74	-278
647.99	102
648.24	-276
648.49	-440
648.74	4
648.99	-139
649.24	185
649.49	-250
649.74	-255
649.99	-76
650.24	-80
650.49	-152
650.74	-240
650.99	-199
651.24	-143
651.49	-156
651.74	-361
651.99	-31
652.24	-111
652.49	-200
652.74	-207
652.99	-196
653.24	-48
653.49	-23
653.74	-258
653.99	-249
654.24	-400
654.49	-131
654.74	-205
654.99	-325
655.24	-233
655.49	-149
655.74	55
655.99	-258
656.24	-261
656.49	-431
656.74	-132
656.99	-215
657.24	-414
657.49	-398
657.74	-278
657.99	-138
658.25	-96
658.5	-217
658.75	-172
659	-228
659.25	-84
659.5	-264
659.75	-154
660	-474
660.25	-212
660.5	-202
660.75	-441
661	-292
661.25	-134
661.5	-175
661.75	-282
662	-251
662.25	-127
662.5	111
662.75	15
663	-148
663.25	-25
663.5	-282
663.75	39
664	-394
664.25	-371
664.5	-9
664.75	-215
665	-177
665.25	-390
665.5	71
665.75	-124
666	-105
666.25	-196
666.5	26
666.75	-202
667	-105
667.25	-265
667.5	-39
667.75	-423
668	-3
668.25	-171
668.5	46
668.75	-422
669	62
669.25	177
669.5	-234
669.75	-320
670	-215
670.25	34
670.5	-226
670.75	-354
671	-342
671.25	-124
671.5	104
671.75	-409
672	-145
672.25	-13
672.5	177
672.75	-164
673	-399
673.25	-312
673.5	-34
673.75	-127
674	-442
674.25	-23
674.5	-48
674.75	-65
675	-119
675.25	-276
675.5	11
675.75	-78
676	-46
676.25	-133
676.5	-183
676.75	-13
677	153
677.25	-73
677.5	69
677.75	90
678	-113
678.25	68
678.5	-69
678.75	-282
679	19
679.25	-69
679.5	-344
679.75	-159
680	-141
680.25	-96
680.5	30
680.75	-336
681	-184
681.25	-262
681.5	-117
681.75	-199
682	-438
682.25	-133
682.5	-147
682.75	-67
683	-140
683.25	-127
683.5	76
683.75	-260
684	-325
684.25	-260
684.5	-357
684.75	-242
685	-312
685.25	-177
685.5	-191
685.75	-90
686	-114
686.25	12
686.5	-89
686.75	-25
687	-49
687.25	-182
687.5	-175
687.75	-320
688	-365
688.25	-16
688.5	-145
688.75	-170
689	-366
689.25	105
689.5	-268
689.75	-283
690	-255
690.25	-323
690.5	-29
690.75	-341
691	-91
691.25	-104
691.5	-34
691.75	-11
692	-196
692.25	-190
692.5	-78
692.75	-138
693	-224
693.25	-253
693.5	-527
693.75	-38
694	-19
694.25	-236
694.5	-27
694.75	-185
695	-78
695.25	-121
695.5	-335
695.75	-136
696	-196
696.25	-203
696.5	-282
696.75	-94
697	-78
697.25	-84
697.5	-278
697.75	-272
698	-4
698.25	-184
698.5	-213
698.75	-242
699	-236
699.25	-149
699.5	-40
699.75	-74
700	-221
