150 135 151 
151 135 132 
141 1 0 
0 133 141 
133 139 141 
155 134 150 
142 138 134 
142 134 155 
134 136 135 
137 135 136 
138 139 136 
138 136 134 
139 133 137 
137 136 139 
134 135 150 
137 132 135 
140 141 139 
140 139 138 
140 188 1 
1 141 140 
140 138 142 
189 188 140 
189 140 142 
144 133 0 
144 0 2 
147 144 2 
147 2 3 
144 143 137 
144 137 133 
146 143 144 
132 137 145 
137 143 145 
145 143 146 
145 146 148 
147 146 144 
169 146 147 
146 169 148 
151 149 150 
151 132 154 
152 153 149 
149 151 152 
152 151 154 
152 154 165 
153 152 158 
165 158 152 
155 150 149 
156 142 155 
157 155 149 
157 149 153 
157 160 156 
157 156 155 
203 156 160 
203 189 142 
142 156 203 
204 203 160 
157 153 159 
160 157 159 
159 153 158 
159 158 557 
158 165 166 
159 161 160 
159 557 558 
558 161 159 
158 166 167 
158 167 557 
204 160 161 
154 132 145 
154 145 162 
145 163 162 
165 154 162 
163 145 148 
164 163 148 
165 162 166 
166 162 167 
163 167 162 
4 557 167 
167 163 168 
167 168 4 
163 164 168 
4 168 561 
577 561 168 
170 147 3 
169 147 170 
169 170 171 
171 148 169 
172 180 174 
172 174 173 
181 6 180 
181 183 5 
5 6 181 
6 8 174 
7 174 8 
6 224 8 
8 280 7 
174 180 6 
174 7 173 
178 177 175 
178 175 176 
178 176 275 
562 177 178 
562 178 563 
76 563 178 
178 275 76 
148 171 164 
179 164 171 
164 179 168 
234 168 179 
168 234 577 
185 180 177 
185 182 181 
181 180 185 
175 180 172 
176 175 172 
176 172 173 
180 175 177 
182 184 183 
183 181 182 
185 567 182 
562 568 185 
185 177 562 
567 185 568 
567 184 182 
567 241 184 
196 195 232 
9 232 186 
186 10 9 
226 232 9 
9 227 226 
232 226 218 
232 218 216 
213 232 216 
216 214 213 
232 213 196 
254 11 12 
253 12 10 
10 186 244 
10 244 246 
10 246 251 
10 251 253 
12 253 254 
1 187 0 
191 192 187 
188 191 187 
187 1 188 
190 191 188 
190 188 189 
187 192 193 
193 2 187 
2 0 187 
193 196 3 
3 2 193 
192 194 193 
195 196 193 
193 194 195 
208 191 190 
194 192 199 
199 197 232 
232 195 194 
232 194 199 
201 247 198 
201 198 197 
197 199 201 
200 199 192 
200 192 191 
200 191 208 
202 200 208 
200 202 201 
201 199 200 
201 202 247 
203 207 190 
190 189 203 
205 207 203 
203 204 205 
206 204 161 
206 205 204 
206 161 558 
207 208 190 
581 205 206 
205 581 207 
209 207 581 
209 208 207 
211 202 208 
211 208 209 
256 202 211 
209 581 210 
210 211 209 
210 212 211 
212 257 211 
600 257 212 
213 170 3 
3 196 213 
215 170 213 
213 214 215 
219 215 214 
219 214 216 
219 216 218 
219 218 217 
171 170 215 
220 171 215 
215 219 220 
220 219 217 
220 217 221 
171 220 222 
222 220 221 
223 222 221 
229 217 218 
229 218 225 
229 225 224 
224 225 14 
224 14 280 
224 280 8 
218 226 225 
227 13 14 
226 227 14 
14 225 226 
5 228 229 
5 229 224 
224 6 5 
221 217 229 
221 229 230 
228 230 229 
231 228 5 
231 5 183 
223 221 238 
221 230 238 
231 238 230 
230 228 231 
186 232 197 
197 198 186 
9 13 227 
222 179 171 
179 222 235 
223 237 222 
237 235 222 
233 237 223 
235 234 179 
235 577 234 
577 235 236 
237 236 235 
236 237 588 
237 233 588 
15 588 233 
184 231 183 
231 239 238 
239 231 184 
223 238 240 
240 238 239 
233 223 240 
233 240 242 
239 242 240 
239 184 241 
241 243 242 
242 239 241 
233 242 591 
591 242 243 
241 592 243 
15 233 591 
243 592 591 
202 248 247 
202 256 248 
257 256 211 
247 245 244 
244 186 247 
186 198 247 
244 245 246 
245 247 249 
249 251 246 
249 246 245 
250 249 247 
250 247 248 
259 250 248 
259 248 256 
262 250 259 
251 249 252 
250 261 249 
252 249 261 
261 250 262 
253 251 252 
16 17 254 
254 253 16 
253 252 16 
254 17 11 
261 255 16 
16 252 261 
258 256 257 
259 256 258 
258 260 259 
260 258 257 
600 621 257 
621 260 257 
620 260 621 
262 263 261 
263 262 259 
263 259 260 
260 622 263 
622 260 620 
622 636 263 
255 261 263 
263 264 255 
636 264 263 
265 264 636 
265 272 264 
266 31 12 
12 11 266 
267 17 16 
267 266 11 
267 11 17 
269 346 32 
269 32 31 
269 31 266 
266 267 269 
16 268 267 
268 16 255 
255 271 268 
270 269 267 
270 267 268 
346 269 270 
270 268 271 
271 255 264 
271 264 272 
349 271 273 
273 271 272 
273 351 349 
272 33 273 
33 351 273 
7 280 274 
276 173 7 
276 7 274 
281 276 274 
646 76 275 
176 173 276 
276 275 176 
275 276 278 
281 278 276 
278 281 277 
277 281 291 
278 277 18 
275 278 646 
649 646 278 
649 278 18 
18 277 291 
18 291 293 
9 10 279 
12 305 300 
12 300 298 
298 279 10 
298 10 12 
305 12 339 
280 14 283 
283 14 13 
283 13 285 
281 274 280 
283 281 280 
281 283 282 
291 281 282 
287 282 283 
283 285 287 
282 287 284 
285 13 9 
9 289 285 
289 9 279 
289 279 286 
288 287 285 
295 284 287 
288 295 287 
288 285 289 
289 286 290 
291 282 292 
293 291 292 
284 292 282 
293 292 294 
293 294 656 
294 292 284 
294 284 297 
294 297 19 
297 284 295 
295 288 297 
288 289 296 
296 289 290 
296 290 308 
296 297 288 
19 297 660 
297 296 661 
665 661 296 
296 308 665 
660 297 661 
301 286 279 
301 279 298 
301 298 299 
300 299 298 
303 301 299 
303 299 300 
303 300 306 
302 290 286 
286 301 302 
303 302 301 
302 303 304 
303 306 304 
300 305 306 
21 306 305 
20 21 305 
305 339 20 
307 304 306 
307 306 21 
307 21 316 
308 290 302 
308 302 310 
310 302 309 
302 304 309 
309 304 313 
308 311 665 
311 308 310 
311 310 22 
668 311 22 
309 22 310 
312 309 313 
22 309 312 
314 312 313 
315 313 304 
304 307 315 
315 307 316 
317 315 316 
315 314 313 
314 315 317 
314 317 23 
697 23 317 
318 1420 1421 
322 1426 1420 
26 1426 322 
322 1420 318 
318 323 322 
318 1421 1438 
320 318 1438 
320 323 318 
319 321 320 
320 1438 319 
321 319 69 
26 324 27 
324 28 27 
26 322 324 
325 324 322 
325 322 323 
327 1467 28 
28 324 327 
24 326 29 
326 24 1467 
326 1467 327 
327 324 325 
325 333 326 
325 326 327 
333 325 332 
328 326 333 
328 446 326 
333 454 328 
446 328 454 
329 323 320 
321 330 320 
329 320 330 
329 325 323 
331 325 329 
321 69 330 
683 330 69 
84 330 683 
330 331 329 
331 330 335 
84 335 330 
332 325 331 
30 454 333 
30 333 334 
332 331 335 
334 333 332 
334 332 335 
334 335 686 
686 30 334 
336 337 352 
336 352 340 
336 340 339 
31 336 339 
339 12 31 
336 31 338 
336 338 343 
336 343 344 
337 357 355 
355 352 337 
373 400 34 
373 34 337 
337 336 368 
337 368 369 
337 369 371 
337 371 373 
34 388 387 
34 387 385 
382 34 385 
382 357 337 
382 337 34 
31 32 338 
341 21 20 
341 20 339 
341 339 340 
341 340 353 
340 352 353 
316 21 341 
316 341 342 
341 353 342 
354 347 342 
343 338 346 
338 32 346 
346 344 343 
345 346 270 
271 349 345 
345 270 271 
344 346 345 
365 344 345 
366 345 349 
365 345 366 
704 351 33 
316 342 347 
347 354 348 
348 354 35 
317 316 347 
317 347 348 
697 317 348 
350 366 349 
707 351 704 
351 350 349 
707 350 351 
358 353 352 
359 342 353 
353 358 359 
354 342 359 
358 352 355 
358 355 356 
355 357 356 
383 356 357 
356 359 358 
359 356 360 
356 383 384 
354 359 360 
361 35 354 
354 360 361 
360 356 384 
360 384 392 
363 360 392 
362 35 361 
360 362 361 
362 360 363 
36 362 363 
36 363 38 
38 363 392 
368 336 344 
368 344 364 
368 364 367 
365 364 344 
365 374 367 
367 364 365 
365 375 374 
369 368 367 
370 372 371 
371 369 370 
369 367 370 
371 372 373 
372 370 37 
400 373 372 
400 372 37 
374 370 367 
376 374 375 
403 37 370 
403 370 374 
403 374 376 
379 365 366 
379 366 350 
375 365 379 
707 377 350 
377 379 350 
379 377 378 
727 378 377 
727 728 378 
380 376 375 
380 375 379 
380 403 376 
380 405 409 
409 403 380 
380 381 405 
380 379 378 
736 380 378 
736 378 728 
381 380 736 
383 357 382 
382 385 383 
384 383 390 
390 392 384 
386 383 385 
390 383 386 
386 385 387 
386 387 389 
387 388 389 
411 389 388 
390 386 389 
390 389 391 
396 393 390 
390 391 396 
389 411 391 
391 411 481 
392 390 393 
38 392 394 
394 392 393 
394 393 395 
397 393 396 
399 396 391 
391 481 399 
397 395 393 
397 39 395 
39 397 398 
396 398 397 
396 399 398 
40 398 399 
401 53 410 
406 401 410 
410 388 406 
406 388 34 
34 400 406 
412 401 406 
406 407 412 
401 412 413 
430 92 54 
430 54 53 
53 401 425 
53 425 428 
53 428 430 
404 402 400 
400 37 404 
408 402 404 
37 403 404 
409 404 403 
408 404 409 
418 405 381 
418 381 86 
400 402 406 
407 406 402 
408 407 402 
415 408 409 
411 388 410 
411 410 55 
414 412 407 
407 408 414 
412 414 413 
401 413 416 
413 414 416 
414 408 415 
415 416 414 
424 416 415 
424 415 421 
405 417 409 
417 405 418 
56 418 86 
418 764 417 
764 418 56 
419 399 481 
419 40 399 
772 398 40 
40 419 57 
57 772 40 
863 57 419 
417 415 409 
421 415 417 
420 421 417 
421 422 424 
420 417 764 
420 764 58 
420 58 423 
421 420 423 
422 421 423 
435 422 423 
60 435 423 
416 426 425 
416 425 401 
424 434 416 
416 434 426 
426 431 428 
428 425 426 
432 431 426 
432 426 434 
432 434 427 
431 433 429 
431 429 428 
428 429 430 
433 943 92 
92 430 433 
430 429 433 
432 433 431 
427 437 432 
59 943 433 
59 433 432 
59 432 437 
422 434 424 
434 422 435 
60 779 435 
435 779 436 
427 434 435 
792 436 779 
435 436 427 
436 438 427 
438 436 792 
427 438 437 
439 437 438 
439 945 59 
59 437 439 
801 439 438 
801 947 439 
947 945 439 
449 440 41 
443 41 25 
25 24 443 
41 443 444 
41 444 449 
464 47 42 
462 42 41 
41 440 462 
42 462 464 
47 464 463 
46 47 463 
463 468 46 
445 441 442 
442 29 445 
29 326 445 
443 24 29 
29 442 443 
444 442 441 
444 441 447 
443 442 444 
445 326 446 
445 446 441 
446 448 447 
447 441 446 
453 448 446 
453 446 454 
449 447 450 
451 440 449 
449 450 451 
448 452 450 
450 447 448 
452 451 450 
452 448 453 
452 456 451 
467 451 456 
444 447 449 
455 453 454 
455 454 30 
458 452 453 
458 456 452 
458 453 455 
456 457 467 
455 814 458 
43 458 814 
43 456 458 
457 456 43 
459 485 44 
485 459 460 
45 460 461 
474 52 461 
466 462 440 
440 451 466 
459 463 464 
466 459 464 
466 464 462 
466 451 467 
465 466 467 
467 470 465 
465 469 466 
459 466 469 
471 469 465 
471 465 470 
459 468 463 
468 459 44 
44 46 468 
469 460 459 
460 469 471 
47 50 42 
49 51 48 
472 467 457 
470 467 472 
470 473 471 
474 460 471 
461 460 474 
473 474 471 
473 52 474 
49 48 526 
526 475 49 
884 476 526 
475 526 476 
1559 475 476 
53 491 489 
489 479 53 
479 410 53 
491 53 478 
484 491 478 
478 477 482 
478 482 484 
519 46 477 
519 477 478 
478 538 519 
46 519 520 
46 520 513 
46 513 47 
54 61 478 
478 53 54 
478 544 541 
541 538 478 
544 478 61 
544 61 549 
411 55 480 
480 55 410 
480 410 479 
480 479 490 
481 411 480 
480 490 493 
481 480 493 
485 487 482 
485 482 477 
485 477 44 
487 483 484 
487 484 482 
486 485 460 
487 485 486 
486 460 45 
487 497 483 
486 497 487 
45 497 486 
45 488 497 
490 479 489 
491 495 494 
494 490 489 
494 489 491 
495 491 492 
493 490 494 
493 494 495 
495 492 498 
493 495 503 
498 503 495 
503 498 499 
496 492 491 
496 491 484 
484 483 496 
483 497 496 
500 498 492 
492 496 500 
500 496 497 
500 497 488 
500 499 498 
493 419 481 
506 863 419 
502 45 461 
488 45 501 
501 45 502 
502 461 860 
860 461 842 
502 861 501 
861 502 860 
506 419 493 
506 493 503 
505 504 503 
503 499 505 
503 504 506 
506 507 863 
864 863 507 
504 508 507 
507 506 504 
504 505 508 
509 500 488 
500 509 499 
509 505 499 
510 505 509 
511 512 509 
511 509 488 
511 488 501 
501 861 511 
868 511 861 
868 62 511 
510 509 870 
512 870 509 
62 512 511 
46 44 477 
515 51 50 
515 50 47 
515 47 513 
515 513 514 
515 514 518 
518 514 513 
518 513 520 
51 515 516 
516 515 518 
516 518 517 
51 516 48 
48 516 517 
527 517 518 
519 521 520 
521 519 538 
521 538 540 
522 524 521 
521 540 522 
520 523 518 
523 520 521 
523 527 518 
527 523 524 
523 521 524 
525 526 48 
517 525 48 
525 517 529 
517 527 529 
528 884 525 
884 526 525 
529 528 525 
528 529 888 
530 524 522 
530 522 552 
532 530 552 
529 532 531 
888 529 531 
531 532 533 
531 533 890 
890 533 891 
527 524 530 
529 527 530 
529 530 532 
534 508 505 
508 534 898 
534 505 510 
534 510 870 
536 535 555 
551 536 555 
537 536 551 
540 538 539 
541 545 539 
539 538 541 
545 540 539 
542 522 540 
543 542 540 
540 545 543 
542 543 553 
545 541 544 
546 545 544 
549 546 544 
547 543 545 
545 546 547 
553 543 547 
547 546 548 
546 549 550 
550 549 969 
550 969 64 
548 546 550 
548 550 551 
64 551 550 
552 522 542 
552 542 937 
937 542 553 
533 552 65 
552 533 532 
552 937 65 
554 937 553 
937 554 942 
553 547 556 
548 556 547 
556 548 555 
556 554 553 
555 548 551 
551 64 982 
982 537 551 
535 554 556 
555 535 556 
942 554 535 
558 557 559 
4 559 557 
559 575 558 
4 575 559 
574 558 575 
560 575 4 
561 560 4 
560 561 579 
564 565 562 
562 563 564 
564 563 76 
564 76 77 
565 564 566 
566 564 77 
566 77 648 
568 562 565 
569 567 568 
241 567 590 
590 567 569 
565 570 568 
569 568 570 
570 571 569 
566 572 570 
566 570 565 
652 572 566 
566 648 652 
571 570 572 
593 590 569 
569 571 593 
78 593 571 
572 573 571 
79 573 572 
572 652 79 
573 78 571 
78 573 79 
78 79 80 
558 574 206 
575 576 574 
576 206 574 
575 560 578 
578 576 575 
577 579 561 
560 579 578 
580 576 578 
583 578 579 
583 580 578 
206 576 581 
576 582 581 
582 576 580 
586 582 580 
586 580 583 
582 584 210 
210 581 582 
582 586 584 
212 210 584 
597 584 598 
598 584 586 
601 212 584 
601 584 597 
212 601 600 
585 579 577 
577 236 585 
587 585 236 
585 583 579 
583 585 602 
586 583 602 
587 602 585 
588 587 236 
588 589 587 
588 15 589 
587 604 602 
589 604 587 
590 612 592 
592 241 590 
590 593 612 
78 594 593 
593 594 596 
593 596 595 
81 596 594 
594 80 81 
595 612 593 
595 613 612 
614 595 596 
595 614 613 
614 596 81 
589 15 599 
607 599 15 
601 623 600 
598 586 602 
598 602 603 
602 604 603 
597 598 603 
599 604 589 
603 604 605 
610 605 604 
603 606 597 
601 597 606 
603 605 606 
601 606 623 
616 605 610 
606 605 624 
624 605 616 
15 591 607 
607 591 592 
599 607 608 
592 609 607 
612 609 592 
608 607 609 
609 611 608 
610 604 599 
599 608 610 
610 608 611 
613 609 612 
611 609 613 
614 81 664 
613 614 615 
617 613 615 
615 618 617 
618 615 664 
615 614 664 
617 616 610 
610 611 617 
616 617 626 
664 663 628 
628 663 662 
617 611 613 
664 628 618 
617 618 619 
619 618 628 
594 78 80 
600 623 621 
623 620 621 
623 625 620 
620 625 622 
623 606 624 
624 627 623 
627 625 623 
624 616 627 
627 633 625 
622 625 637 
627 616 626 
617 619 626 
627 626 632 
630 632 626 
626 619 630 
629 628 662 
629 662 667 
667 631 629 
619 628 629 
630 619 629 
629 631 630 
625 633 637 
627 632 633 
634 633 632 
632 630 634 
631 667 82 
630 631 635 
635 634 630 
635 631 82 
634 635 640 
675 640 635 
622 637 636 
638 636 637 
639 638 637 
638 265 636 
83 265 638 
83 638 639 
639 637 633 
641 639 633 
633 634 641 
634 640 641 
640 675 676 
641 644 639 
640 676 644 
644 641 640 
642 83 639 
642 645 83 
642 643 645 
639 644 642 
642 644 643 
644 677 643 
644 676 677 
83 272 265 
33 272 83 
691 33 83 
83 645 691 
692 691 645 
692 645 643 
77 76 646 
77 646 647 
77 647 648 
649 18 650 
647 646 649 
647 649 651 
650 651 649 
18 293 650 
651 648 647 
650 655 651 
648 651 652 
652 651 655 
653 652 655 
655 650 656 
655 656 658 
653 655 654 
654 655 658 
652 653 79 
654 79 653 
654 80 79 
650 293 656 
19 656 294 
656 19 657 
80 654 658 
81 80 658 
656 657 658 
659 658 657 
659 81 658 
660 657 19 
661 665 662 
657 660 661 
657 661 663 
661 662 663 
659 657 664 
664 81 659 
663 664 657 
666 665 311 
666 662 665 
666 311 668 
662 666 667 
667 666 670 
668 22 669 
670 666 668 
669 670 668 
22 312 669 
672 669 312 
672 670 669 
670 82 667 
673 82 670 
672 673 670 
635 82 673 
635 673 675 
672 312 314 
672 314 671 
671 314 680 
673 678 675 
674 673 672 
672 671 674 
680 674 671 
674 678 673 
679 676 675 
675 678 679 
677 676 679 
674 680 682 
674 682 678 
678 694 679 
694 678 682 
680 314 23 
680 23 681 
681 23 697 
681 682 680 
681 699 682 
84 1650 684 
684 335 84 
1650 688 684 
686 335 685 
684 685 335 
685 684 688 
685 689 686 
803 686 804 
686 689 687 
687 804 686 
689 685 688 
688 1657 689 
85 689 1657 
85 1664 690 
689 690 687 
690 689 85 
690 1664 88 
704 33 691 
692 696 691 
691 696 704 
693 692 643 
677 693 643 
695 693 677 
682 700 694 
679 694 700 
695 679 700 
695 700 702 
696 692 693 
693 695 709 
702 709 695 
709 710 693 
698 681 697 
35 698 697 
697 348 35 
698 35 716 
681 698 699 
701 699 698 
701 700 699 
699 700 682 
702 700 703 
701 703 700 
701 698 717 
717 698 716 
701 717 718 
718 703 701 
705 704 696 
705 706 704 
707 704 706 
706 713 707 
713 726 707 
708 705 696 
708 696 693 
705 708 706 
708 710 712 
708 693 710 
711 710 709 
709 702 711 
710 711 712 
706 708 713 
713 708 712 
713 714 726 
712 714 713 
714 712 721 
716 725 719 
702 703 711 
711 703 720 
712 711 715 
715 711 720 
715 720 723 
717 716 719 
719 718 717 
703 718 720 
712 715 721 
723 721 715 
721 723 732 
722 718 719 
718 724 720 
723 720 724 
722 724 718 
732 723 724 
722 745 724 
695 677 679 
716 35 362 
725 716 362 
362 36 725 
746 36 38 
746 725 36 
725 722 719 
746 722 725 
745 722 746 
707 726 377 
727 377 726 
726 729 727 
726 714 729 
727 729 728 
740 728 729 
730 729 714 
714 721 730 
732 730 721 
730 732 731 
724 745 733 
731 732 724 
731 724 733 
747 731 733 
730 734 729 
730 731 734 
740 729 734 
735 731 747 
735 734 731 
728 740 736 
736 740 738 
737 736 738 
381 736 737 
86 381 737 
738 739 737 
737 739 86 
740 756 738 
734 756 740 
741 756 734 
734 735 741 
738 756 739 
742 746 38 
742 749 746 
742 38 743 
394 743 38 
395 743 394 
395 751 743 
742 743 744 
744 749 742 
744 743 751 
745 746 749 
745 749 733 
733 748 747 
748 733 749 
748 749 753 
748 750 747 
750 735 747 
748 753 750 
744 753 749 
751 395 752 
755 751 752 
765 86 739 
755 752 760 
735 750 741 
754 750 753 
741 750 754 
741 754 757 
754 753 744 
755 744 751 
755 754 744 
755 759 754 
754 759 757 
765 739 756 
757 756 741 
765 756 757 
758 765 757 
755 760 759 
760 761 759 
758 757 759 
758 759 761 
39 752 395 
762 39 398 
762 752 39 
762 760 752 
773 760 762 
760 773 761 
86 763 56 
766 56 763 
86 765 763 
763 765 766 
764 56 766 
770 764 766 
758 767 765 
767 766 765 
767 758 761 
767 761 769 
775 769 761 
769 768 767 
768 766 767 
770 766 768 
769 781 768 
771 781 769 
768 781 770 
782 781 771 
775 771 769 
773 398 772 
398 773 762 
773 772 776 
774 57 863 
776 772 774 
57 774 772 
773 775 761 
776 777 775 
775 773 776 
776 774 777 
782 771 777 
777 774 784 
775 777 771 
770 58 764 
778 423 58 
770 778 58 
60 423 778 
778 780 60 
781 778 770 
782 778 781 
782 780 778 
774 863 783 
791 60 780 
784 782 777 
782 784 788 
788 784 795 
786 795 784 
784 774 785 
783 785 774 
784 785 786 
786 785 787 
865 785 783 
785 865 787 
782 788 780 
795 780 788 
789 791 780 
789 780 795 
795 786 790 
787 865 900 
790 786 787 
787 900 790 
795 790 797 
790 900 797 
60 791 779 
779 791 792 
793 438 792 
798 792 791 
798 791 794 
792 798 793 
791 789 794 
796 794 789 
796 789 795 
794 796 798 
796 799 798 
795 797 796 
800 799 796 
796 797 800 
800 797 901 
798 799 793 
800 920 799 
801 438 793 
793 802 801 
802 919 801 
801 919 947 
1159 947 919 
1160 1159 919 
799 802 793 
87 802 799 
87 919 802 
920 87 799 
803 30 686 
810 803 804 
455 30 803 
805 455 803 
805 803 810 
806 809 804 
804 809 810 
806 804 687 
806 687 690 
807 806 690 
807 690 88 
809 806 807 
807 88 808 
810 817 815 
809 817 810 
807 812 809 
817 809 811 
811 809 812 
812 807 808 
89 812 808 
813 43 814 
813 457 43 
820 813 814 
827 813 820 
455 805 814 
810 814 805 
814 810 815 
817 816 815 
816 814 815 
816 817 818 
818 817 811 
816 818 821 
811 812 819 
819 812 89 
819 89 824 
825 821 818 
818 811 819 
818 819 825 
824 825 819 
820 814 816 
820 816 830 
822 816 821 
830 816 822 
822 821 832 
1688 90 833 
833 823 1688 
824 823 825 
821 825 834 
834 832 821 
833 834 825 
833 825 823 
472 457 826 
457 813 826 
826 839 470 
470 472 826 
827 826 813 
828 839 826 
828 826 827 
839 473 470 
829 827 831 
827 829 828 
829 845 828 
829 857 845 
827 820 830 
830 822 832 
831 827 830 
832 858 831 
831 830 832 
833 90 835 
837 832 834 
835 837 834 
835 834 833 
857 829 831 
857 831 858 
858 832 836 
835 90 1695 
835 1695 850 
836 832 837 
836 837 838 
850 837 835 
838 837 850 
840 473 839 
840 52 473 
841 839 828 
841 843 840 
840 839 841 
842 52 840 
842 840 847 
843 847 840 
844 841 828 
843 841 844 
844 828 845 
845 857 848 
845 846 844 
846 847 843 
846 843 844 
846 876 847 
846 845 849 
849 845 848 
859 849 848 
849 859 855 
1696 853 852 
853 1696 476 
1559 476 1696 
887 853 476 
836 851 854 
851 850 852 
853 851 852 
836 838 851 
851 838 850 
853 887 856 
859 854 855 
855 851 856 
851 855 854 
856 851 853 
848 857 859 
854 859 857 
857 858 854 
854 858 836 
842 461 52 
875 860 842 
862 860 875 
862 861 860 
864 783 863 
865 783 864 
865 864 866 
864 507 508 
864 508 866 
866 508 867 
865 866 900 
867 900 866 
869 868 861 
62 868 869 
869 861 862 
872 869 862 
872 871 869 
870 512 62 
871 870 62 
910 870 871 
911 910 871 
871 62 869 
882 872 862 
871 872 873 
894 873 872 
913 871 873 
913 911 871 
873 894 874 
847 875 842 
878 886 883 
889 883 886 
875 847 876 
875 882 862 
875 880 882 
880 875 876 
876 846 877 
877 880 876 
880 877 881 
879 883 881 
883 879 878 
877 846 849 
849 879 877 
849 855 879 
879 855 878 
879 881 877 
882 880 892 
893 892 880 
880 881 893 
883 893 881 
884 528 885 
885 887 884 
476 884 887 
886 885 528 
888 886 528 
885 886 878 
887 885 878 
878 856 887 
878 855 856 
886 888 889 
888 531 889 
889 531 890 
889 890 891 
872 882 892 
893 883 889 
895 892 893 
872 892 894 
895 894 892 
889 895 893 
897 894 895 
891 896 895 
891 895 889 
895 896 897 
897 874 894 
874 897 940 
897 896 940 
867 508 898 
898 534 899 
906 898 899 
900 867 904 
797 900 903 
904 903 900 
901 797 903 
901 903 902 
867 898 904 
906 904 898 
904 906 903 
905 800 901 
905 901 902 
934 905 902 
800 905 920 
907 902 903 
907 903 906 
906 908 907 
910 909 899 
899 534 870 
899 870 910 
909 910 911 
909 906 899 
925 938 942 
909 912 906 
909 911 913 
912 909 913 
913 916 912 
913 873 914 
914 873 874 
940 914 874 
914 940 941 
916 913 914 
916 914 915 
941 915 914 
912 916 908 
908 906 912 
936 908 916 
928 936 916 
925 917 938 
930 917 925 
928 916 915 
928 915 918 
918 915 941 
918 941 917 
930 928 918 
930 918 917 
934 922 920 
920 905 934 
87 920 921 
922 921 920 
921 919 87 
919 1164 1160 
919 921 1164 
921 922 923 
923 1164 921 
922 935 924 
924 923 922 
924 935 1166 
535 536 932 
535 925 942 
925 535 932 
536 537 926 
926 537 63 
933 932 536 
933 536 926 
933 926 1170 
927 936 928 
927 928 930 
927 935 936 
935 927 929 
927 930 931 
931 929 927 
925 932 931 
931 930 925 
91 931 933 
1166 935 929 
1166 929 1173 
1173 929 931 
1173 931 91 
931 932 933 
1170 1175 933 
933 1175 91 
934 902 907 
908 936 934 
908 934 907 
935 922 934 
935 934 936 
939 891 937 
891 533 65 
937 891 65 
942 939 937 
939 942 938 
939 896 891 
896 941 940 
917 896 939 
917 939 938 
917 941 896 
943 953 92 
954 953 943 
954 943 59 
59 944 954 
945 946 944 
944 59 945 
946 963 944 
946 945 1159 
1159 945 947 
951 61 54 
54 92 951 
61 951 952 
61 952 956 
949 61 956 
956 948 949 
955 549 61 
955 61 949 
961 955 949 
949 950 972 
949 972 961 
996 97 93 
995 93 949 
949 948 992 
949 992 993 
949 993 995 
93 995 996 
93 1015 1013 
93 1013 1008 
1008 950 949 
1008 949 93 
92 953 951 
952 951 953 
961 968 955 
958 956 952 
952 953 958 
956 958 957 
948 956 957 
953 960 958 
960 953 954 
960 959 958 
960 954 944 
959 957 958 
962 944 963 
94 946 1159 
946 94 963 
963 95 962 
94 95 963 
960 944 962 
962 959 960 
962 965 959 
964 959 965 
964 989 959 
95 965 962 
965 95 1162 
966 964 965 
966 965 1162 
966 1002 964 
967 1002 966 
969 549 955 
969 955 968 
64 969 970 
969 968 970 
64 970 978 
979 978 970 
971 970 968 
971 968 975 
979 970 971 
961 973 968 
973 961 972 
977 973 972 
977 972 950 
977 950 1009 
968 973 975 
975 973 974 
975 974 976 
974 973 977 
982 64 978 
982 978 96 
96 978 979 
983 96 979 
979 971 980 
981 980 971 
971 975 981 
983 979 980 
982 63 537 
96 63 982 
983 980 1172 
1172 980 981 
1172 981 985 
981 975 984 
975 976 984 
1021 984 976 
985 981 984 
984 986 985 
986 984 1021 
986 1021 1193 
992 948 990 
948 957 990 
991 987 988 
991 988 992 
992 990 991 
989 990 957 
989 957 959 
991 990 989 
994 987 991 
994 991 989 
1000 989 999 
994 989 1000 
992 988 993 
987 995 993 
987 993 988 
997 97 996 
997 996 995 
995 987 997 
998 997 987 
998 987 994 
1000 1036 998 
998 994 1000 
964 999 989 
964 1002 999 
999 1003 1000 
1001 1000 1003 
1002 1003 999 
1004 1003 1002 
967 1004 1002 
1201 1004 967 
1005 1004 1201 
1003 1004 1005 
1003 1005 1001 
1220 1001 1005 
1001 1006 1000 
1036 1000 1006 
1006 1001 1221 
1221 1001 1220 
1225 1006 1221 
1246 1006 1225 
1056 1006 1246 
950 1008 1007 
1007 1009 950 
1007 1011 1009 
1011 1007 1008 
1011 1008 1013 
1011 1013 1012 
974 977 1009 
974 1009 1010 
1009 1011 1010 
1020 976 974 
974 1010 1020 
1010 1011 1016 
1012 1016 1011 
1010 1016 1020 
1020 1016 1019 
1013 1014 1012 
1015 1014 1013 
1012 1014 1017 
1017 1014 1015 
1017 1015 1075 
1016 1012 1017 
1018 1017 1075 
1018 1075 1077 
1019 1016 1017 
1019 1017 1018 
1019 1018 1078 
1018 1077 1078 
1021 976 1020 
1021 1020 1023 
1019 1025 1020 
1023 1020 1025 
1024 1023 1025 
1022 1193 1021 
1023 1022 1021 
1233 1022 1023 
1233 1023 1234 
1024 1234 1023 
1240 1234 1024 
1028 1240 1024 
1026 1025 1019 
1026 1024 1025 
1026 1019 1078 
1024 1026 1028 
1028 1026 1027 
98 1028 1027 
1043 1044 1029 
1034 1029 93 
93 97 1033 
93 1033 1034 
1029 1034 1043 
1029 1079 1074 
1029 1074 1073 
1073 1015 93 
1073 93 1029 
1079 1029 1030 
1097 1031 1029 
1029 1044 1096 
1029 1096 1097 
99 100 1030 
1031 99 1030 
1030 1029 1031 
99 1031 1126 
99 1126 1127 
1035 1032 97 
97 997 1035 
97 1032 1033 
1037 1032 1035 
1034 1033 1032 
1037 1034 1032 
998 1035 997 
1036 1038 998 
998 1038 1037 
1037 1035 998 
1041 1039 1042 
1040 1041 1059 
1059 1041 1042 
1059 1042 1064 
1046 1045 1043 
1046 1043 1034 
1034 1037 1046 
1049 1039 1044 
1048 1049 1044 
1044 1045 1048 
1045 1044 1043 
1038 1055 1046 
1046 1037 1038 
1047 1045 1046 
1047 1046 1055 
1055 1053 1047 
1048 1045 1051 
1042 1039 1049 
1042 1049 1050 
1050 1049 1048 
1050 1048 1051 
1050 1064 1042 
1050 1051 1052 
1047 1051 1045 
1047 1067 1051 
1053 1067 1047 
1052 1051 1067 
1006 1056 1036 
1056 1054 1038 
1038 1036 1056 
1054 1055 1038 
1056 1057 1054 
1246 1057 1056 
1057 1263 1055 
1057 1055 1054 
1058 1040 1061 
1061 1040 1059 
1060 1062 1059 
1064 1060 1059 
1062 1061 1059 
1306 1109 1254 
1109 1061 1062 
1250 1062 1060 
1250 101 1062 
1109 1062 1254 
1063 1053 1055 
1065 1064 1050 
1050 1052 1066 
1065 1060 1064 
1065 1050 1066 
1063 1071 1067 
1067 1053 1063 
1068 1066 1052 
1067 1068 1052 
1068 1067 1071 
1071 1113 1068 
1250 1060 1261 
1263 1063 1055 
1263 1291 1069 
1060 1065 1261 
1262 1261 1065 
1065 1066 1262 
1070 1262 1066 
1070 1066 1112 
1070 1112 1265 
1069 1071 1063 
1063 1263 1069 
1072 1071 1069 
1075 1015 1073 
1074 1075 1073 
1076 1075 1074 
1077 1075 1076 
1077 1076 1081 
1084 1078 1077 
1077 1081 1084 
1076 1074 1079 
1076 1079 1080 
1079 1030 102 
1079 102 1080 
1081 1076 1080 
1081 1080 1726 
1721 1084 1081 
1081 1726 1721 
1027 1026 1078 
1082 1027 1078 
1078 1084 1082 
1083 98 1027 
1083 1027 1082 
1286 1287 1083 
1083 1082 1286 
1082 1085 1286 
1085 1082 1084 
1085 1084 1721 
1085 1721 1086 
1286 1085 103 
1086 103 1085 
103 1086 1351 
1092 1087 1088 
1092 1088 1039 
1094 1098 1088 
1088 1087 1094 
1090 1089 1040 
1091 1093 1089 
1091 1089 1090 
1092 1040 1089 
1040 1092 1041 
1039 1041 1092 
1087 1092 1089 
1089 1093 1087 
1095 1094 1087 
1093 1095 1087 
1094 1095 1098 
1093 1091 1095 
1115 1095 1091 
1044 1039 1088 
1044 1088 1096 
1097 1096 1088 
1088 1098 1097 
1099 1098 1095 
1099 1095 1115 
1104 1099 1115 
1103 1100 1097 
1097 1098 1103 
1101 1031 1097 
1106 1101 1097 
1097 1100 1106 
1102 1101 1106 
1098 1099 1103 
1104 1103 1099 
1104 1105 1100 
1100 1103 1104 
1105 1121 1106 
1106 1100 1105 
1106 1120 1102 
1120 1106 1121 
1058 1107 1090 
1090 1040 1058 
1107 1091 1090 
1109 1058 1061 
1110 1107 1058 
1110 1058 1109 
1107 1111 1091 
1091 1108 1115 
1108 1091 1111 
1306 1110 1109 
1306 1307 1110 
1111 1107 1110 
1307 1111 1110 
1307 1108 1111 
1066 1068 1112 
1113 1112 1068 
1265 1112 1315 
1112 1113 1315 
1113 1071 1114 
1072 1114 1071 
1114 1072 1340 
1315 1113 1114 
1116 1104 1115 
1116 1115 1117 
1117 1115 1108 
1117 104 1116 
1116 1118 1105 
1105 1104 1116 
1124 1121 1105 
1124 1105 1118 
1124 1119 1121 
1122 1121 1119 
1120 1121 1122 
1331 1118 1116 
1331 1116 104 
1331 1124 1118 
1332 1124 1331 
1123 1119 1125 
1332 1119 1124 
1125 1119 1332 
1119 1123 1122 
1031 1101 1126 
1128 1127 1126 
1126 1101 1128 
1101 1102 1128 
1129 1128 1102 
1129 1102 1120 
1129 1130 1127 
1127 1128 1129 
1351 1086 1734 
1131 1120 1122 
1122 1134 1131 
1129 1120 1131 
1129 1131 1133 
1130 1129 1133 
1131 1132 1133 
1132 1131 1134 
1132 1136 1133 
1135 1134 1122 
1358 1134 1135 
1135 1122 1123 
1134 1358 1132 
1136 1132 1358 
105 1136 1358 
1151 1149 105 
1143 106 100 
100 99 1137 
100 1137 1141 
100 1141 1143 
1138 1140 1137 
1138 1137 99 
99 1127 1138 
1130 1139 1138 
1138 1127 1130 
1140 1138 1139 
1139 1130 1133 
1148 1139 1133 
1141 1137 1140 
1144 1146 1142 
1144 1142 1141 
1141 1140 1144 
1141 1142 1143 
1139 1145 1144 
1144 1140 1139 
1144 1145 1146 
1146 107 106 
106 1143 1146 
1143 1142 1146 
1754 107 1146 
1145 1755 1146 
1147 1755 1145 
1754 1146 1755 
1133 1136 1148 
1136 1149 1148 
1149 1136 105 
1150 1139 1148 
1150 1145 1139 
1153 1145 1150 
1149 1152 1148 
1152 1150 1148 
1151 1152 1149 
108 1152 1151 
1152 1153 1150 
1152 1154 1153 
1152 108 1154 
1154 1156 1153 
108 1378 1154 
1154 1378 1156 
1378 111 1156 
1157 1755 1147 
1153 1155 1147 
1147 1145 1153 
1155 1157 1147 
1156 1155 1153 
1156 1157 1155 
1156 1158 1157 
1156 111 1158 
1157 1158 1764 
1159 1161 94 
1161 1159 1160 
94 1161 95 
1163 95 1161 
1162 95 1163 
1182 1162 1163 
1165 1160 1164 
1161 1160 1165 
1165 1164 923 
924 1165 923 
924 1166 1174 
1167 1165 924 
924 1174 1167 
1161 1165 1163 
1182 1163 1165 
1168 1182 1165 
1167 1168 1165 
1169 1168 1167 
1169 1185 1168 
63 96 1170 
1170 96 983 
1170 926 63 
1170 983 1171 
985 1187 1172 
1171 983 1172 
1187 1171 1172 
1173 1174 1166 
1174 1173 91 
1174 91 1175 
1176 1174 1175 
1175 1170 1171 
1176 1177 1185 
1177 1176 1178 
1167 1174 1169 
1169 1174 1176 
1185 1169 1176 
1176 1175 1171 
1171 1187 1178 
1178 1176 1171 
1162 1182 1179 
1180 966 1162 
1180 1162 1179 
1184 1180 1179 
1199 967 966 
1199 966 1180 
1184 1181 1180 
1180 1181 1199 
1183 1182 1168 
1185 1183 1168 
1182 1183 1179 
1184 1179 1183 
1190 1184 1183 
1190 1206 1181 
1181 1184 1190 
985 1192 1187 
1178 1186 1177 
1177 1189 1185 
1177 1186 1189 
1186 1178 1188 
1188 1178 1187 
1192 1188 1187 
1183 1185 1190 
1189 1190 1185 
1211 1206 1190 
1190 1189 1211 
1191 1211 1189 
1189 1186 1191 
1188 1192 1196 
1188 1196 1186 
1196 1191 1186 
986 1192 985 
1193 1192 986 
1192 1193 1194 
1194 1193 1195 
1197 1194 1195 
1192 1194 1196 
1194 1197 1196 
1198 1202 1201 
1198 1199 1200 
1200 1205 1202 
1202 1198 1200 
1198 1201 967 
1198 967 1199 
1207 1005 1201 
1207 1201 1202 
1203 1200 1199 
1203 1199 1181 
1203 1205 1200 
1207 1202 1205 
1204 1207 1205 
1005 1207 1220 
1206 1203 1181 
1205 1203 1206 
1205 1206 1204 
1208 1220 1209 
1207 1209 1220 
1204 1210 1207 
1207 1210 1209 
1216 1209 1210 
1209 1216 1208 
1211 1213 1206 
1206 1213 1204 
1213 1212 1204 
1212 1210 1204 
1213 1211 1191 
1215 1212 1213 
1212 1215 1217 
1213 1191 1214 
1196 1214 1191 
1213 1214 1215 
1218 1217 1215 
1215 1214 1218 
1236 1218 1214 
1210 1217 1216 
1210 1212 1217 
1217 1218 1226 
1217 1226 1216 
1219 1227 1226 
1220 1208 1221 
1222 1208 1216 
1208 1222 1223 
1223 1221 1208 
1222 1224 1223 
1221 1223 1225 
1249 1246 1225 
1224 1229 1223 
1223 1249 1225 
1223 1229 1249 
1226 1222 1216 
1222 1226 1227 
1224 1222 1227 
1227 1229 1224 
1228 1229 1227 
1229 1228 1276 
1193 1022 1230 
1230 1195 1193 
1231 1230 1022 
1231 1022 1233 
1231 1232 1230 
1232 1197 1195 
1237 1232 1231 
1237 1231 1233 
1195 1230 1232 
1233 1234 1239 
1238 1237 1233 
1238 1233 1239 
1240 1239 1234 
1196 1197 1235 
1235 1214 1196 
1232 1235 1197 
1235 1232 1236 
1218 1236 1237 
1237 1236 1232 
1214 1235 1236 
1218 1237 1238 
1238 1219 1218 
1239 1219 1238 
1219 1226 1218 
1239 1241 1243 
1240 1028 1242 
1241 1239 1240 
1240 1242 1241 
1241 1242 1243 
1243 1275 1244 
1285 1243 1242 
1275 1243 1285 
1242 1284 1285 
1219 1239 1243 
1228 1227 1219 
1243 1244 1219 
1228 1219 1244 
1228 1244 1245 
1228 1245 1276 
1279 1245 1244 
1244 1275 1279 
1242 1028 98 
1284 1242 98 
1246 1247 1057 
1247 1246 1249 
1247 1248 1057 
1274 1247 1249 
1249 1229 1274 
1247 1274 1248 
1248 1263 1057 
1248 1290 1263 
1274 1281 1248 
1290 1248 1281 
1274 1229 1276 
101 1250 1253 
1253 1251 101 
1253 1250 1252 
1254 1259 1306 
1254 1062 1251 
1062 101 1251 
1253 1252 1255 
1255 1256 1251 
1251 1253 1255 
1256 1255 1257 
1257 1255 1258 
1259 1254 1260 
1256 1260 1254 
1254 1251 1256 
1260 1256 1257 
1260 1309 1259 
1261 1262 1264 
1250 1261 1252 
1252 1261 1264 
1263 1290 1291 
1262 1070 1264 
1265 1264 1070 
1267 1264 1265 
1267 1265 1317 
1255 1252 1266 
1266 1252 1264 
1267 1266 1264 
1266 1258 1255 
1268 1258 1266 
1268 1266 1267 
1267 1317 1269 
1269 1317 1325 
1273 1268 1267 
1267 1269 1273 
1323 1273 1269 
1269 1325 1323 
1257 1258 1270 
1257 1272 1260 
1272 1257 1270 
1272 1270 1271 
1309 1260 1272 
1268 1270 1258 
1273 1271 1270 
1270 1268 1273 
1271 1273 1337 
1273 1323 1337 
1288 1275 1285 
1278 1276 1245 
1274 1276 1277 
1278 1277 1276 
1278 1245 1279 
1279 1280 1278 
1275 1280 1279 
1280 1275 1288 
1277 1281 1274 
1277 1278 1282 
1282 1278 1283 
1281 1277 1282 
1281 1282 1294 
1280 1283 1278 
1288 1295 1280 
1288 1299 1295 
1295 1283 1280 
1284 98 1083 
1287 1284 1083 
1286 1289 1287 
1288 1285 1284 
1284 1287 1288 
1289 1288 1287 
1289 1299 1288 
1290 1292 1291 
1292 1290 1281 
1072 1069 1291 
1291 1292 1293 
1293 1072 1291 
1294 1292 1281 
1294 1296 1292 
1297 1294 1282 
1282 1283 1297 
1297 1283 1295 
1297 1296 1294 
1293 1292 1296 
1293 1296 1339 
1296 1297 1298 
1298 1297 1295 
1346 1298 1295 
1345 1339 1296 
1296 1298 1345 
1300 1289 1286 
1286 103 1300 
1299 1289 1300 
103 1351 1302 
1301 1300 103 
1302 1301 103 
1305 1301 1302 
1295 1299 1303 
1299 1300 1303 
1295 1303 1346 
1346 1303 1304 
1300 1301 1304 
1304 1303 1300 
1346 1304 1356 
1301 1305 1304 
1305 1356 1304 
1259 1308 1307 
1307 1306 1259 
1307 1329 1108 
1311 1307 1308 
1311 1312 1329 
1329 1307 1311 
1309 1308 1259 
1309 1310 1308 
1310 1313 1311 
1311 1308 1310 
1311 1313 1312 
1314 1312 1313 
1315 1114 1316 
1340 1316 1114 
1265 1315 1317 
1317 1315 1327 
1327 1315 1316 
1316 1340 1318 
1319 1321 1318 
1319 1318 1320 
1327 1316 1321 
1322 1327 1321 
1316 1318 1321 
1322 1321 1319 
1319 1334 1322 
1322 1334 1335 
1323 1325 1324 
1317 1327 1325 
1325 1327 1324 
1328 1335 1326 
1324 1327 1322 
1324 1322 1328 
1335 1328 1322 
1329 1117 1108 
1329 1330 104 
104 1117 1329 
1330 1329 1312 
1312 1314 1330 
1330 1333 1331 
1330 1331 104 
1332 1331 1333 
1335 1334 1333 
1333 1334 1332 
1319 1125 1334 
1332 1334 1125 
1319 1123 1125 
1123 1319 1320 
1333 1330 1314 
1333 1314 1326 
1335 1333 1326 
1272 1310 1309 
1271 1310 1272 
1310 1271 1336 
1336 1313 1310 
1313 1336 1314 
1336 1271 1337 
1336 1337 1338 
1323 1324 1338 
1338 1337 1323 
1328 1338 1324 
1326 1314 1336 
1336 1338 1326 
1326 1338 1328 
1340 1072 1339 
1072 1293 1339 
1340 1339 1341 
1340 1343 1318 
1343 1320 1318 
1342 1320 1343 
1341 1343 1340 
1343 1341 1344 
1343 1344 1342 
1344 1359 1342 
1344 1361 1359 
1339 1349 1341 
1345 1298 1347 
1349 1339 1345 
1349 1345 1347 
1347 1298 1346 
1349 1347 1348 
1344 1341 1349 
1344 1349 1350 
1344 1350 1361 
1349 1348 1350 
1350 1348 1367 
1302 1351 1305 
1305 1351 1354 
1354 1351 1898 
1352 1354 1898 
1346 1356 1353 
1353 1347 1346 
1347 1353 1348 
1305 1354 1356 
1355 1356 1354 
1354 1352 1355 
1368 1367 1348 
1348 1353 1357 
1368 1348 1357 
1353 1356 1355 
1355 1357 1353 
1355 1371 1357 
1907 1355 1352 
1371 1355 1907 
1342 1123 1320 
1123 1342 1135 
1342 1358 1135 
1342 1359 1358 
1362 1358 1360 
1360 1358 1359 
1359 1361 1360 
105 1358 1362 
1350 1367 1361 
1370 1360 1361 
1360 1370 1364 
1363 1364 1370 
1364 1362 1360 
1364 109 1362 
1362 109 105 
105 109 1151 
1364 1365 109 
1364 1363 1365 
1366 109 1365 
1374 109 1366 
1366 1902 1375 
1366 1375 1374 
1372 1902 1366 
1370 1361 1367 
1367 1368 1370 
1369 1370 1368 
1368 1357 1369 
1370 1369 1363 
1357 1371 1369 
1907 110 1371 
1369 1373 1363 
110 1373 1371 
1373 1369 1371 
1372 1365 1363 
1372 1363 1373 
110 1902 1372 
1372 1373 110 
1366 1365 1372 
109 1376 1151 
109 1374 1376 
1151 1376 108 
1374 1375 1377 
1376 1374 1377 
1378 108 1376 
1378 1376 1377 
1911 1378 1377 
111 1378 1911 
66 1384 1381 
1384 1385 1380 
1384 1380 1381 
1382 1381 1390 
1381 1380 1390 
1380 1379 1390 
66 1381 1382 
1383 66 1382 
1383 1415 1413 
1413 66 1383 
1416 1384 66 
1416 1417 1385 
1385 1384 1416 
1386 1380 1385 
1386 1387 1379 
1379 1380 1386 
1387 1386 1404 
1388 1404 1386 
67 1386 1385 
67 1385 1417 
1388 1386 67 
1424 1388 67 
1379 1389 1390 
1389 1379 1391 
1393 1389 1394 
1394 1389 1391 
1394 1391 1392 
1394 1392 1395 
1394 1399 1393 
1394 1395 1407 
1407 1399 1394 
1391 1379 1387 
1391 1387 1396 
1409 1392 1391 
1391 1396 1409 
1409 1395 1392 
1409 1407 1395 
1397 1383 1382 
1389 1397 1382 
1382 1390 1389 
1393 1398 1397 
1397 1389 1393 
1397 1437 1383 
1415 1383 1437 
1437 1397 1401 
1397 1398 1401 
1393 1400 1398 
1399 1400 1393 
1399 1605 1400 
1605 1403 1400 
1401 1398 1400 
1401 1400 1403 
1605 1402 1403 
1403 1607 1401 
1403 1608 1607 
1608 1403 1402 
1404 1396 1387 
1404 1388 1405 
1406 1409 1396 
1396 1404 1406 
1406 1404 1405 
1444 1405 1388 
1388 1424 1444 
1406 1405 1445 
1445 1405 1444 
1407 1409 1408 
1406 1408 1409 
1604 1407 1408 
1410 1408 1406 
1604 1408 68 
1410 1406 1445 
1410 1445 1446 
1410 68 1408 
1411 68 1410 
1411 1410 1446 
1469 1468 1467 
1469 1467 24 
1488 1469 24 
24 25 1488 
1418 1416 1414 
1416 1418 1417 
1414 1429 1412 
1422 1418 1414 
1422 1414 1412 
1413 1414 66 
1413 1419 1414 
1415 1419 1413 
66 1414 1416 
1420 1429 1419 
1414 1419 1429 
1421 1419 1415 
1420 1419 1421 
1423 67 1417 
1423 1417 1425 
1417 1418 1425 
1424 67 1423 
1423 1425 1424 
1418 1422 1425 
1425 1422 1432 
1433 1424 1425 
1425 1432 1433 
1429 1426 1427 
1429 1427 1412 
1430 1422 1412 
1430 1412 1427 
1430 1427 1431 
1426 26 1428 
1428 1427 1426 
1431 1427 1428 
1431 1428 1460 
1429 1420 1426 
1430 1432 1422 
1431 1432 1430 
1431 1435 1432 
1434 1435 1431 
1431 1460 1434 
1435 1433 1432 
1401 1436 1437 
1437 1421 1415 
1438 1421 1437 
1440 1437 1436 
1438 1437 1440 
1607 1436 1401 
1441 1436 1607 
1607 1613 1441 
1441 1440 1436 
1439 1440 1441 
1613 1439 1441 
1439 1448 1440 
1443 1447 1442 
1610 1443 1612 
1612 1443 1442 
1612 1442 1614 
1444 1424 1433 
1445 1444 1433 
1447 1445 1433 
1446 1445 1443 
1610 1411 1446 
1446 1443 1610 
1443 1445 1447 
1438 1440 319 
1448 319 1440 
1442 1447 1453 
1621 1614 1442 
1621 1442 1453 
69 319 1448 
1453 1452 1449 
1449 1621 1453 
1449 1622 1621 
1456 1622 1449 
1450 1433 1435 
1447 1433 1450 
1453 1447 1450 
1450 1435 1434 
1450 1434 1451 
1452 1453 1450 
1452 1450 1451 
1455 1454 1451 
1452 1451 1454 
1449 1452 1454 
1449 1454 1456 
1454 1455 1629 
1456 1454 1629 
1627 1456 1628 
1628 1456 1629 
1629 1455 1480 
1480 1632 1629 
1632 1480 1635 
27 1457 1428 
1428 26 27 
1428 1457 1458 
1428 1458 1460 
28 1468 1457 
1457 27 28 
1459 1458 1457 
1459 1457 1468 
1460 1458 1462 
1458 1464 1462 
1464 1458 1459 
1461 1434 1460 
1460 1462 1461 
1461 1462 1463 
1475 1434 1461 
1475 1461 1476 
1476 1461 1463 
1465 1463 1462 
1462 1464 1465 
1464 1466 1465 
1465 1477 1463 
1467 1468 28 
1469 1470 1459 
1468 1469 1459 
1469 1488 1472 
1472 1470 1469 
1473 1464 1459 
1473 1459 1470 
1470 1472 1473 
1466 1464 1473 
1474 1466 1473 
1474 1471 1466 
1472 1474 1473 
70 1474 1472 
1472 1493 70 
1485 1471 1474 
1485 1474 70 
1475 1451 1434 
1476 1451 1475 
1451 1476 1455 
1476 1463 1477 
1455 1476 1477 
1455 1477 1480 
71 1480 1477 
1477 1465 1478 
1479 1478 1465 
1465 1466 1479 
71 1477 1478 
71 1481 1658 
1481 71 1478 
1481 1478 1482 
1479 1482 1478 
1482 1658 1481 
1484 1479 1466 
1466 1471 1484 
1484 1471 1483 
1483 1471 1485 
1483 1485 1502 
1485 1496 1502 
1483 1482 1479 
1479 1484 1483 
1483 1502 72 
41 1497 1490 
25 1490 1487 
1487 1488 25 
1490 25 41 
1497 41 1486 
42 1521 1513 
1513 1511 42 
1511 1486 41 
1511 41 42 
1487 1489 1488 
1488 1493 1472 
1493 1488 1489 
1493 1489 1492 
1487 1490 1491 
1491 1489 1487 
1492 1489 1491 
1495 1493 1492 
1496 1495 1494 
1499 1494 1495 
70 1493 1495 
1496 1485 70 
70 1495 1496 
1497 1498 1491 
1491 1490 1497 
1498 1492 1491 
1500 1498 1497 
1500 1497 1486 
1500 1486 1515 
1499 1495 1492 
1492 1498 1499 
1499 1498 1506 
1499 1506 1505 
1506 1498 1500 
1501 1506 1500 
1500 1515 1501 
1504 1502 1496 
1504 1496 1494 
1494 1499 1503 
1509 1504 1503 
1494 1503 1504 
1687 1504 1509 
1510 1687 1509 
1504 72 1502 
1510 1503 1505 
1503 1499 1505 
1506 1501 1507 
1510 1505 1506 
1510 1506 1508 
1508 1506 1507 
1510 1509 1503 
1515 1486 1511 
1515 1511 1512 
1518 1512 1511 
1511 1513 1514 
1511 1514 1518 
1518 1514 1525 
1516 1501 1515 
1515 1512 1516 
1516 1512 1518 
1516 1518 1519 
1516 1519 1517 
1520 1519 1518 
1518 1525 1520 
1542 1517 1519 
1519 1520 1542 
1513 1521 1522 
1522 1514 1513 
1522 1526 1525 
1525 1514 1522 
1526 1522 1523 
1522 1521 1527 
1521 42 1527 
42 50 1527 
50 51 1527 
1531 1524 1523 
1531 1523 1522 
1522 1527 1531 
1520 1525 1526 
1520 1526 1533 
1542 1520 1533 
1542 1533 1548 
51 1528 1527 
1529 1527 1528 
49 1530 1528 
1528 51 49 
1530 1529 1528 
1529 1582 1531 
1531 1527 1529 
1582 1524 1531 
1581 1582 1529 
1581 1529 1530 
1532 1526 1523 
1532 1523 1524 
1532 1524 1538 
1539 1532 1538 
1539 1538 73 
1533 1526 1532 
1535 1533 1532 
1532 1536 1535 
1534 1548 1533 
1533 1535 1534 
1535 1536 1537 
1563 1534 1535 
1564 1563 1535 
1535 1537 1564 
1524 1582 1538 
1532 1539 1536 
1539 1537 1536 
1507 1501 1540 
1541 1540 1501 
1501 1516 1541 
1540 1541 1544 
1517 1541 1516 
1544 1541 1547 
1517 1547 1541 
1545 1547 1517 
1545 1517 1543 
1542 1543 1517 
1544 1547 1546 
1545 1543 1555 
1551 1547 1545 
1545 1555 1551 
1548 1543 1542 
1555 1543 1548 
1556 1555 1548 
1558 1530 49 
1549 1530 1558 
1558 1562 1549 
1549 1581 1530 
1581 1549 1550 
1562 1550 1549 
1551 1546 1547 
1546 1551 1552 
1559 1552 1553 
1553 1552 1554 
1555 1556 1557 
1556 1561 1557 
1555 1552 1551 
1552 1555 1557 
1554 1552 1557 
1554 1557 1561 
1558 49 475 
1559 1558 475 
1559 1553 1558 
1560 1562 1558 
1553 1554 1558 
1560 1558 1554 
1562 1560 1561 
1561 1560 1554 
1565 1548 1534 
1566 1565 1534 
1563 1566 1534 
1565 1556 1548 
1565 1566 1570 
1566 1563 1568 
1568 1563 1564 
1568 1564 1567 
1562 1591 1550 
1566 1697 1570 
1568 1697 1566 
1556 1565 1569 
1556 1569 1561 
1571 1569 1565 
1570 1571 1565 
1572 1562 1561 
1562 1572 1591 
1561 1569 1572 
1572 1569 1571 
1573 1571 1570 
1572 1571 1573 
1595 1572 1573 
1573 1570 1697 
1564 1537 1576 
1537 1539 1574 
1539 73 74 
1539 74 1574 
1574 1576 1537 
1576 1574 1575 
1575 1574 74 
1575 74 75 
1578 1567 1564 
1564 1576 1578 
1576 1575 1577 
1577 1575 75 
1578 1576 1577 
1577 75 1603 
1578 1577 1579 
1580 1579 1577 
1577 1603 1580 
1538 1586 73 
1583 1586 1538 
1582 1583 1538 
1581 1584 1582 
1584 1583 1582 
1585 1583 1584 
1586 1588 73 
1583 1587 1586 
1588 1586 1587 
1589 1587 1585 
1587 1583 1585 
1587 1589 1590 
1587 1590 1588 
1584 1581 1591 
1581 1550 1591 
1592 1584 1591 
1585 1584 1592 
1597 1589 1585 
1597 1585 1592 
1597 1592 1596 
1597 1593 1590 
1590 1589 1597 
1594 1591 1572 
1592 1591 1594 
1572 1595 1594 
1595 1706 1594 
1596 1592 1594 
1706 1707 1596 
1596 1594 1706 
1597 1598 1593 
1707 1708 1597 
1597 1596 1707 
1598 1597 1708 
1588 1599 74 
74 73 1588 
75 74 1599 
1588 1601 1599 
1588 1590 1601 
75 1599 1600 
1600 1599 1601 
1603 75 1600 
1600 1601 1602 
1601 1590 1593 
1593 1602 1601 
1603 1600 1716 
1602 1716 1600 
1580 1603 1716 
1602 1593 1598 
1399 1407 1604 
1605 1399 1604 
1605 1604 1606 
1606 1402 1605 
1606 1604 68 
1402 1606 68 
1402 68 1411 
1411 1609 1402 
1402 1609 1608 
1609 1411 1610 
1609 1610 1611 
1608 1613 1607 
1608 1609 1611 
1610 1612 1611 
1614 1613 1608 
1608 1611 1614 
1614 1611 1612 
1439 1615 1448 
1615 1439 1613 
1613 1616 1615 
1617 1448 1615 
1615 1619 1617 
1619 1615 1616 
1619 1616 1618 
1616 1613 1614 
1614 1621 1616 
1618 1616 1621 
1448 1617 69 
1619 1618 1620 
69 1617 1649 
1649 1617 1619 
1620 1649 1619 
1618 1621 1622 
1623 1620 1618 
1623 1618 1622 
1622 1456 1623 
1625 1624 1620 
1620 1623 1625 
1626 1654 1625 
1625 1623 1626 
1654 1626 1655 
1627 1628 1630 
1631 1630 1628 
1631 1628 1629 
1627 1623 1456 
1623 1627 1630 
1634 1631 1629 
1629 1632 1634 
1634 1632 1635 
1635 1480 1633 
1637 1631 1636 
1626 1623 1630 
1637 1626 1630 
1630 1631 1637 
1638 1655 1626 
1626 1637 1638 
1638 1637 1636 
1638 1636 1639 
1634 1636 1631 
1640 1636 1634 
1634 1635 1640 
1640 1635 1633 
1641 1640 1633 
1647 1639 1636 
1636 1640 1647 
1642 1647 1640 
1640 1641 1642 
1638 1644 1655 
1638 1639 1643 
1643 1644 1638 
1644 1671 1655 
1644 1643 1645 
1644 1646 1671 
1645 1646 1644 
1647 1643 1639 
1645 1643 1647 
1645 1647 1648 
1642 1648 1647 
683 69 1649 
683 1649 1652 
1652 1649 1620 
1652 1620 1624 
1650 1652 1624 
1624 1651 1650 
1624 1625 1651 
1652 1650 84 
84 683 1652 
1654 1653 1651 
1653 1654 1656 
1651 1625 1654 
1670 1654 1655 
1670 1656 1654 
1650 1651 1653 
688 1650 1653 
1657 688 1653 
1657 1653 1656 
1633 1480 71 
1633 71 1658 
1633 1658 1641 
1660 1641 1658 
1658 1482 1659 
1667 1659 1482 
1660 1658 1659 
1660 1659 1663 
1667 1663 1659 
1642 1641 1661 
1661 1641 1660 
1661 1660 1677 
1662 1677 1663 
1660 1663 1677 
85 1657 1680 
1664 85 1680 
112 1666 1691 
1690 1665 1668 
1691 1666 1665 
1690 1691 1665 
1666 1685 1665 
72 1667 1483 
1667 72 1669 
1667 1482 1483 
1668 1669 72 
1662 1669 1685 
1669 1663 1667 
1669 1662 1663 
1669 1668 1665 
1665 1685 1669 
1671 1672 1670 
1671 1670 1655 
1670 1673 1656 
1673 1670 1672 
1656 1673 1674 
1657 1656 1674 
1672 1675 1673 
1683 1674 1673 
1675 1683 1673 
1646 1676 1671 
1676 1672 1671 
1646 1645 1676 
1661 1648 1642 
1648 1677 1678 
1677 1648 1661 
1645 1648 1676 
1678 1676 1648 
1679 1678 1662 
1675 1672 1676 
1675 1676 1679 
1678 1679 1676 
1678 1677 1662 
1680 1657 1674 
1680 1674 1681 
1682 1664 1680 
1680 1681 1682 
1683 1681 1674 
1675 1684 1683 
1684 1682 1681 
1681 1683 1684 
1664 1682 1666 
88 1664 112 
112 1664 1666 
1682 1684 1666 
1666 1684 1685 
1684 1675 1679 
1679 1685 1684 
1685 1679 1662 
72 1504 1686 
1668 72 1686 
1686 1504 1687 
1690 1686 1689 
808 88 112 
808 112 1692 
1691 1689 1692 
1689 1691 1690 
1692 112 1691 
1668 1686 1690 
1686 1687 1689 
1689 1687 1694 
1687 1688 1694 
1689 1694 89 
89 808 1692 
89 1692 1689 
1687 1510 1688 
1693 1510 1508 
1693 1508 1507 
1688 1510 1693 
1688 1693 90 
823 1694 1688 
1694 824 89 
823 824 1694 
1693 1507 1540 
1540 1544 1695 
1693 1540 90 
1695 90 1540 
1546 1695 1544 
850 1695 1546 
1546 1552 1696 
1552 1559 1696 
1546 1696 850 
1696 852 850 
1567 1700 1568 
1573 113 1595 
1698 113 1573 
1697 1568 1700 
1698 1573 1697 
1700 1698 1697 
1700 1567 1701 
113 1698 1699 
1702 1698 1700 
1703 1702 1700 
1700 1701 1703 
1702 1699 1698 
1699 1702 114 
114 1702 1703 
114 1703 115 
1567 1578 1704 
1704 1578 1579 
1701 1567 1704 
1579 1580 116 
1701 1704 1705 
1704 1579 1705 
116 1705 1579 
1703 1701 1705 
1705 116 117 
117 115 1703 
117 1703 1705 
1706 1595 113 
1708 1707 1711 
1713 1598 1708 
1713 1708 1711 
113 1709 1706 
1709 1707 1706 
1710 1709 113 
1710 113 1699 
1711 1707 1709 
1709 1714 1711 
1714 1709 1710 
1712 1711 1714 
1711 1712 1713 
1710 1699 114 
1710 114 1714 
1715 1714 114 
114 115 1715 
1714 1715 1712 
1716 116 1580 
1716 1602 1718 
1713 1718 1598 
1718 1602 1598 
116 1716 1717 
1718 1717 1716 
117 116 1717 
117 1717 1719 
1719 1718 1712 
1717 1718 1719 
1713 1712 1718 
1715 115 117 
1715 117 1719 
1719 1712 1715 
1728 1723 100 
1723 1030 100 
1728 100 118 
1080 102 1720 
1726 1080 1720 
1722 1721 1726 
1722 1086 1721 
1720 102 1030 
1720 1030 1723 
1720 1723 1724 
1725 1724 1723 
1723 1728 1725 
1724 1725 1729 
1726 1720 1724 
1722 1726 1727 
1730 1726 1724 
1727 1726 1730 
1729 1730 1724 
1736 1727 1730 
1729 1725 1728 
1729 1728 1731 
1728 118 119 
1728 119 1731 
1730 1729 1731 
1730 1731 1732 
1732 1736 1730 
1731 119 1749 
1749 1732 1731 
1722 1727 1733 
1733 1727 1736 
1733 1736 1737 
1734 1086 1722 
1734 1722 1733 
1735 1734 1733 
1735 1733 1899 
1899 1733 1737 
1737 1736 1739 
1736 1732 1739 
1738 1899 1737 
1739 1738 1737 
1738 1739 1761 
1738 1761 1906 
120 1739 1732 
1739 120 1759 
1759 1761 1739 
1752 1756 1747 
1744 106 1747 
1747 1745 1744 
1744 118 100 
1744 100 106 
1747 106 1752 
1756 1752 1753 
1756 1753 1741 
1756 1741 1740 
1740 1741 1742 
1791 1743 1741 
1741 1753 1789 
1741 1789 1790 
1741 1790 1791 
1743 1821 1820 
1743 1820 1819 
1819 1742 1741 
1819 1741 1743 
1821 1743 1827 
1744 119 118 
1749 119 1744 
1749 1744 1745 
1749 1745 1746 
1747 1746 1745 
1750 1749 1746 
1750 1746 1747 
1750 1747 1748 
1751 1732 1749 
120 1732 1751 
1749 1750 1751 
1751 1750 1748 
1751 1748 1775 
1758 120 1751 
1751 1775 1758 
106 107 1752 
1753 1752 1754 
1752 107 1754 
1753 1754 1783 
1754 1784 1783 
1784 1754 1755 
1785 1755 1157 
1785 1784 1755 
1747 1756 1748 
1756 1757 1748 
1740 1757 1756 
120 1760 1759 
1762 1760 120 
1762 120 1758 
1762 1758 1779 
1761 1759 1915 
1915 1906 1761 
1915 1759 1760 
1760 1762 1915 
1915 1762 1916 
1785 1157 1764 
1764 1763 1785 
1764 1768 1763 
1799 1785 1763 
1765 1158 111 
1158 1765 1769 
1917 1769 1765 
1764 1158 1766 
1768 1764 1766 
1158 1769 1766 
1767 1766 1769 
1766 1767 1768 
1767 1769 1770 
1769 1917 1770 
1917 1918 1770 
1918 1773 1770 
1772 1916 1762 
1772 1762 1779 
1771 1772 1779 
1921 1772 1771 
1774 1921 1771 
1926 1774 1930 
1803 1774 1805 
1774 1926 1921 
1757 1776 1748 
1776 1757 1740 
1776 1740 1742 
1776 1742 1822 
1748 1776 1775 
1777 1775 1776 
1778 1775 1777 
1779 1758 1775 
1779 1775 1780 
1779 1780 1782 
1780 1775 1778 
1780 1778 1781 
1782 1780 1781 
1771 1779 1782 
1782 1838 1771 
1805 1771 1838 
1781 1838 1782 
1805 1774 1771 
1788 1789 1786 
1786 1789 1753 
1753 1783 1786 
1784 1787 1786 
1786 1783 1784 
1787 1784 1785 
1786 1787 1788 
1793 1791 1790 
1788 1793 1790 
1790 1789 1788 
1788 1794 1793 
1794 1788 1787 
1791 1793 1795 
1792 1743 1795 
1795 1743 1791 
1792 1795 1798 
1794 1796 1795 
1795 1793 1794 
1795 121 1798 
121 1795 1796 
1797 1857 121 
121 1796 1797 
1799 1763 1768 
1799 1787 1785 
1800 1799 1768 
1767 1801 1768 
1801 1767 1770 
1770 1773 1801 
1801 1773 1808 
1768 1801 1800 
1812 1794 1787 
1799 1812 1787 
1812 1799 1800 
1809 1808 1802 
1802 1808 1773 
1773 1927 1802 
1802 1804 1803 
1803 1809 1802 
1927 122 1802 
1804 1802 122 
1804 1774 1803 
1930 1774 1804 
122 1930 1804 
1803 1805 1806 
1809 1803 1807 
1803 1806 1807 
1807 1806 1839 
1801 1808 1800 
1814 1800 1808 
1808 1809 1810 
1814 1808 1810 
1812 1800 1814 
1807 1810 1809 
1816 1814 1810 
1811 1810 1807 
1810 1811 1816 
1807 1839 1811 
1812 1796 1794 
1813 1797 1796 
1813 1796 1812 
1857 1797 1874 
1797 1813 1874 
1813 123 1874 
1814 1815 1813 
1814 1813 1812 
1816 1815 1814 
1815 1816 1818 
1818 1816 1817 
1813 1815 123 
1818 1848 1815 
1815 1848 123 
1819 1822 1742 
1819 1823 1822 
1820 1825 1823 
1823 1819 1820 
1825 1820 1821 
1825 1821 1830 
1777 1776 1822 
1777 1822 1824 
1823 1824 1822 
1778 1777 1824 
1778 1824 1835 
1824 1823 1825 
1824 1825 1826 
1836 1835 1824 
1824 1826 1836 
1743 1792 1828 
1743 1828 1827 
1827 1828 1829 
1827 1829 1830 
1827 1830 1821 
124 1828 1792 
124 1792 1798 
124 125 1829 
1829 1828 124 
1830 1829 126 
126 1829 125 
1826 1825 1830 
1826 1830 1831 
1830 126 1831 
1832 1836 1826 
1826 1831 1832 
1831 126 1833 
1834 1832 1831 
1831 1833 1834 
1834 1833 1868 
1835 1781 1778 
1837 1781 1835 
1835 1836 1837 
1838 1806 1805 
1842 1841 1838 
1806 1838 1839 
1841 1839 1838 
1838 1781 1842 
1837 1842 1781 
1811 1839 1841 
1841 1840 1811 
1840 1841 1842 
1842 1837 1850 
1842 1850 1846 
1840 1842 1846 
1849 1837 1836 
1849 1850 1837 
1816 1811 1843 
1843 1811 1840 
1843 1840 1844 
1844 1845 1957 
1817 1816 1843 
1846 1850 1847 
1846 1844 1840 
1845 1844 1846 
1847 1845 1846 
1876 123 1848 
1958 1848 1818 
1958 127 1848 
1849 1836 1832 
1849 1832 1851 
1851 1832 1834 
1851 1834 1868 
1849 1851 1852 
1847 1850 1849 
1853 1847 1849 
1853 1849 1852 
1853 1852 1879 
1845 1847 1853 
1853 1962 1845 
1963 1853 1879 
1856 1854 124 
1856 124 1798 
1855 125 124 
1855 124 1854 
1854 1860 1855 
1856 1798 121 
121 1858 1856 
1854 1856 1858 
121 1859 1858 
1859 121 1857 
1861 1854 1858 
1861 1863 1860 
1860 1854 1861 
1859 1862 1861 
1861 1858 1859 
1861 1862 1863 
1864 126 125 
1864 125 1855 
1865 1864 1855 
1865 1867 1864 
1865 1855 1860 
1833 126 1864 
1866 1833 1864 
1864 1867 1866 
1833 1866 1868 
1868 1866 1867 
1868 1867 128 
1869 1860 1863 
1863 1870 1869 
1865 1860 1869 
1869 1871 1867 
1867 1865 1869 
1871 1869 1870 
1867 1871 1891 
1891 128 1867 
1870 1873 1871 
1873 129 1891 
1891 1871 1873 
1882 1863 1862 
1882 1872 1870 
1870 1863 1882 
1873 1870 1872 
1874 1875 1859 
1859 1857 1874 
1874 123 1876 
1875 1874 1876 
1875 1883 1859 
1883 1862 1859 
1876 1877 1875 
1848 127 1876 
1877 1876 127 
1877 1878 1875 
1878 1883 1875 
1868 1894 1851 
1894 1868 128 
1880 1852 1851 
1880 1851 1894 
1880 1894 1881 
1879 1852 1880 
1879 1880 1881 
1881 1897 1977 
1978 1977 1897 
1978 1897 1896 
1882 1862 1883 
1884 1882 1883 
1878 130 1884 
1884 1883 1878 
1889 1885 1886 
1886 1872 1882 
1889 1886 1882 
1882 1884 1889 
1873 1872 1886 
1873 1886 1887 
1873 1893 129 
1893 1873 1887 
1887 1896 1893 
1887 1886 1885 
1884 1888 1889 
1885 1889 1888 
131 1888 1884 
131 1884 130 
1896 1887 1890 
1890 1887 1885 
1890 1885 1888 
1890 1888 131 
1890 1978 1896 
1894 128 1891 
1894 1891 1892 
129 1892 1891 
1892 129 1893 
1894 1892 1895 
1895 1892 1893 
1895 1893 1896 
1895 1881 1894 
1881 1895 1897 
1896 1897 1895 
1898 1351 1734 
1735 1898 1734 
1352 1898 1735 
1735 1899 1352 
1899 1738 1900 
1900 1738 1904 
1900 1904 1901 
1352 1899 1900 
1352 1900 1907 
110 1907 1900 
1900 1901 110 
1901 1904 1905 
1905 1903 1901 
1902 110 1901 
1901 1903 1902 
1375 1902 1903 
1906 1904 1738 
1905 1904 1908 
1908 1904 1906 
1910 1375 1903 
1910 1903 1909 
1377 1375 1910 
1903 1905 1909 
1905 1908 1909 
1377 1910 1911 
1765 111 1911 
1912 1911 1910 
1911 1912 1765 
1910 1909 1914 
1914 1912 1910 
1912 1914 1919 
1915 1908 1906 
1913 1914 1909 
1909 1908 1913 
1915 1913 1908 
1914 1913 1920 
1913 1915 1916 
1913 1916 1920 
1919 1765 1912 
1919 1918 1917 
1917 1765 1919 
1918 1919 1922 
1919 1914 1920 
1922 1919 1920 
1920 1916 1772 
1772 1921 1920 
1918 1922 1773 
1922 1923 1773 
1922 1924 1923 
1924 1922 1925 
1925 1922 1920 
1925 1920 1921 
1921 1926 1925 
1930 1925 1926 
1925 1930 1924 
1923 1927 1773 
1923 1928 1927 
1928 1923 1924 
1928 1929 1927 
1927 1929 122 
122 1929 1933 
1934 1933 1929 
1934 1929 1928 
1939 1928 1924 
1928 1939 1934 
122 1931 1930 
1924 1930 1932 
1932 1930 1931 
1933 1931 122 
1942 1935 1933 
1934 1942 1933 
1936 1931 1933 
1936 1933 1935 
1935 1937 1936 
1932 1931 1936 
1932 1936 1938 
1932 1939 1924 
1939 1932 1940 
1939 1944 1934 
1940 1944 1939 
1932 1938 1940 
1949 1940 1938 
1934 1941 1942 
1947 1935 1942 
1947 1937 1935 
1943 1947 1942 
1941 1943 1942 
1941 1934 1944 
1944 1945 1941 
1940 1945 1944 
1950 1945 1940 
1940 1949 1950 
1943 1941 1945 
1951 1952 1943 
1951 1943 1945 
1945 1950 1951 
1936 1937 1946 
1938 1936 1946 
1938 1946 1949 
1948 1946 1937 
1946 1948 1949 
1937 1947 1948 
1943 1954 1947 
1948 1947 1954 
1952 1954 1943 
1953 1949 1948 
1948 1954 1953 
1950 1949 1953 
1950 1953 1951 
1952 1951 1953 
1952 1953 1954 
1956 1843 1844 
1956 1844 1957 
1957 1955 1956 
1817 1843 1956 
1958 1818 1817 
1958 1817 1956 
1956 1955 1958 
1960 1955 1957 
1957 1845 1962 
1962 1960 1957 
1958 1959 127 
1955 1961 1958 
1958 1961 1959 
1961 1955 1960 
1964 1959 1961 
1961 1960 1965 
1965 1964 1961 
1962 1853 1963 
1962 1963 1960 
1965 1960 1963 
1879 1970 1963 
1959 1968 127 
1968 1959 1964 
127 1968 1877 
1968 1964 1966 
1964 1965 1967 
1966 1964 1967 
1966 1967 1972 
1877 1968 1878 
1969 1878 1968 
1968 1966 1969 
130 1878 1969 
1972 1969 1966 
1969 1972 130 
1970 1965 1963 
1970 1879 1971 
1971 1973 1970 
1970 1967 1965 
1973 1967 1970 
1973 1972 1967 
1881 1971 1879 
1971 1881 1977 
1977 1973 1971 
1974 1973 1977 
1975 1973 1974 
1976 1975 130 
1976 1972 1973 
1976 1973 1975 
1972 1976 130 
1974 1977 1978 
1978 1975 1974 
130 1975 131 
1975 1978 131 
1890 131 1978 
